   9.9999999999999998E-201   5.8262464171400497E-202
   5.0000000000000003E-002   3.0691960814666179E-003
  0.10000000000000001        7.0409520216804210E-003
  0.15000000000000002        1.2659300254331844E-002
  0.20000000000000001        2.0397464851807837E-002
  0.25000000000000000        3.0420192860013670E-002
  0.29999999999999999        4.2621328296359222E-002
  0.34999999999999998        5.6711789054279226E-002
  0.39999999999999997        7.2320290376073251E-002
  0.44999999999999996        8.9072911225496348E-002
  0.49999999999999994       0.10663403652832171     
  0.54999999999999993       0.12471120246614126     
  0.59999999999999998       0.14304045477773664     
  0.65000000000000002       0.16137177082307250     
  0.70000000000000007       0.17946687092771840     
  0.75000000000000011       0.19711014402707636     
  0.80000000000000016       0.21412437310544452     
  0.85000000000000020       0.23038078163905093     
  0.90000000000000024       0.24579746642157874     
  0.95000000000000029       0.26032769671610018     
   1.0000000000000002       0.27394503470495329     
   1.0500000000000003       0.28663284296503022     
   1.1000000000000003       0.29838184693841485     
   1.1500000000000004       0.30919397737947080     
   1.2000000000000004       0.31908720315961958     
   1.2500000000000004       0.32809633319806303     
   1.3000000000000005       0.33626814593001658     
   1.3500000000000005       0.34365320947550487     
   1.4000000000000006       0.35029880972981198     
   1.4500000000000006       0.35624643045690796     
   1.5000000000000007       0.36153415510242659     
   1.5500000000000007       0.36620133260230997     
   1.6000000000000008       0.37029177971876376     
   1.6500000000000008       0.37385317981540811     
   1.7000000000000008       0.37693308434130690     
   1.7500000000000009       0.37957416389039961     
   1.8000000000000009       0.38181170195263470     
   1.8500000000000010       0.38367470533697051     
   1.9000000000000010       0.38518960959052917     
   1.9500000000000011       0.38638398263750801     
   2.0000000000000009       0.38728783217270357     
   2.0500000000000007       0.38793185224110976     
   2.1000000000000005       0.38834398734646580     
   2.1500000000000004       0.38854671107871747     
   2.2000000000000002       0.38855681678840348     
   2.2500000000000000       0.38838778545588903     
   2.2999999999999998       0.38805311787346541     
   2.3499999999999996       0.38756847838407188     
   2.3999999999999995       0.38695138334005341     
   2.4499999999999993       0.38621882903991933     
   2.4999999999999991       0.38538457345193039     
   2.5499999999999989       0.38445792487753111     
   2.5999999999999988       0.38344481722898438     
   2.6499999999999986       0.38235042151240689     
   2.6999999999999984       0.38118157205523134     
   2.7499999999999982       0.37994747946095370     
   2.7999999999999980       0.37865838221043402     
   2.8499999999999979       0.37732314467354816     
   2.8999999999999977       0.37594745158389015     
   2.9499999999999975       0.37453378988761238     
   2.9999999999999973       0.37308319245659627     
   3.0499999999999972       0.37159756678277472     
   3.0999999999999970       0.37008109245733728     
   3.1499999999999968       0.36853983345453240     
   3.1999999999999966       0.36697990563866378     
   3.2499999999999964       0.36540546867191903     
   3.2999999999999963       0.36381787931979948     
   3.3499999999999961       0.36221653679774268     
   3.3999999999999959       0.36060082654843278     
   3.4499999999999957       0.35897187031379796     
   3.4999999999999956       0.35733295824937805     
   3.5499999999999954       0.35568843461661398     
   3.5999999999999952       0.35404182438459325     
   3.6499999999999950       0.35239445786091650     
   3.6999999999999948       0.35074548547660417     
   3.7499999999999947       0.34909323927718938     
   3.7999999999999945       0.34743701909574298     
   3.8499999999999943       0.34577813080197223     
   3.8999999999999941       0.34411952588265904     
   3.9499999999999940       0.34246432277867100     
   3.9999999999999938       0.34081421185733157     
   4.0499999999999936       0.33916879335249955     
   4.0999999999999934       0.33752625929421293     
   4.1499999999999932       0.33588494173439720     
   4.1999999999999931       0.33424469672824481     
   4.2499999999999929       0.33260722775102802     
   4.2999999999999927       0.33097516748029615     
   4.3499999999999925       0.32935055145070197     
   4.3999999999999924       0.32773369743831421     
   4.4499999999999922       0.32612321394143429     
   4.4999999999999920       0.32451710634577219     
   4.5499999999999918       0.32291423396166957     
   4.5999999999999917       0.32131516030453172     
   4.6499999999999915       0.31972185761324251     
   4.6999999999999913       0.31813648646939580     
   4.7499999999999911       0.31656006914886714     
   4.7999999999999909       0.31499192546426752     
   4.8499999999999908       0.31343022267721121     
   4.8999999999999906       0.31187325675568217     
   4.9499999999999904       0.31032061411910278     
   4.9999999999999902       0.30877345980319260     
   5.0499999999999901       0.30723378381160149     
   5.0999999999999899       0.30570311984406728     
   5.1499999999999897       0.30418158315774274     
   5.1999999999999895       0.30266784825688842     
   5.2499999999999893       0.30116006177185795     
   5.2999999999999892       0.29965707691344790     
   5.3499999999999890       0.29815919921705247     
   5.3999999999999888       0.29666796813236490     
   5.4499999999999886       0.29518513633142823     
   5.4999999999999885       0.29371152750456730     
   5.5499999999999883       0.29224651883049446     
   5.5999999999999881       0.29078847299282368     
   5.6499999999999879       0.28933582042079242     
   5.6999999999999877       0.28788807527485766     
   5.7499999999999876       0.28644612562790378     
   5.7999999999999874       0.28501162291900761     
   5.8499999999999872       0.28358588472759255     
   5.8999999999999870       0.28216903349142325     
   5.9499999999999869       0.28075992691041507     
   5.9999999999999867       0.27935691095610843     
   6.0499999999999865       0.27795889131488943     
   6.0999999999999863       0.27656602140419301     
   6.1499999999999861       0.27517956685310790     
   6.1999999999999860       0.27380104907501701     
   6.2499999999999858       0.27243123683199111     
   6.2999999999999856       0.27106964331262257     
   6.3499999999999854       0.26971484657728706     
   6.3999999999999853       0.26836541134067926     
   6.4499999999999851       0.26702080371555165     
   6.4999999999999849       0.26568170554232190     
   6.5499999999999847       0.26434953446425002     
   6.5999999999999845       0.26302549423969407     
   6.6499999999999844       0.26170977890280966     
   6.6999999999999842       0.26040144425624295     
   6.7499999999999840       0.25909901918347333     
   6.7999999999999838       0.25780144870155763     
   6.8499999999999837       0.25650875242709831     
   6.8999999999999835       0.25522197644717859     
   6.9499999999999833       0.25394248094254124     
   6.9999999999999831       0.25267103527515944     
   7.0499999999999829       0.25140730937432609     
   7.0999999999999828       0.25015008449369858     
   7.1499999999999826       0.24889803591233195     
   7.1999999999999824       0.24765057248988215     
   7.2499999999999822       0.24640818920019503     
   7.2999999999999821       0.24517211202971867     
   7.3499999999999819       0.24394347542401801     
   7.3999999999999817       0.24272257090564289     
   7.4499999999999815       0.24150865135720545     
   7.4999999999999813       0.24030040924650248     
   7.5499999999999812       0.23909681007072373     
   7.5999999999999810       0.23789773768495723     
   7.6499999999999808       0.23670403762957154     
   7.6999999999999806       0.23551693913660146     
   7.7499999999999805       0.23433723763478267     
   7.7999999999999803       0.23316476851078391     
   7.8499999999999801       0.23199850740709788     
   7.8999999999999799       0.23083722360643061     
   7.9499999999999797       0.22968025762658820     
   7.9999999999999796       0.22852792020349985     
   8.0499999999999794       0.22738126083574201     
   8.0999999999999801       0.22624136361204228     
   8.1499999999999808       0.22510863019507574     
   8.1999999999999815       0.22398251171032360     
   8.2499999999999822       0.22286185603497349     
   8.2999999999999829       0.22174563879069956     
   8.3499999999999837       0.22063360273695712     
   8.3999999999999844       0.21952639562869858     
   8.4499999999999851       0.21842512453816285     
   8.4999999999999858       0.21733062073160200     
   8.5499999999999865       0.21624289119423770     
   8.5999999999999872       0.21516110666722399     
   8.6499999999999879       0.21408412693905476     
   8.6999999999999886       0.21301121927379352     
   8.7499999999999893       0.21194250645308133     
   8.7999999999999901       0.21087886043239212     
   8.8499999999999908       0.20982131684732619     
   8.8999999999999915       0.20877039182142323     
   8.9499999999999922       0.20772574021718498     
   8.9999999999999929       0.20668637005131324     
   9.0499999999999936       0.20565126880241086     
   9.0999999999999943       0.20462003542635321     
   9.1499999999999950       0.20359311339454939     
   9.1999999999999957       0.20257148050578336     
   9.2499999999999964       0.20155600056249515     
   9.2999999999999972       0.20054685568563657     
   9.3499999999999979       0.19954342126411131     
   9.3999999999999986       0.19854465813610558     
   9.4499999999999993       0.19754976520251052     
   9.5000000000000000       0.19655867249169617     
   9.5500000000000007       0.19557206172019320     
   9.6000000000000014       0.19459090681816787     
   9.6500000000000021       0.19361583328736165     
   9.7000000000000028       0.19264670720073163     
   9.7500000000000036       0.19168271325936190     
   9.8000000000000043       0.19072286645245387     
   9.8500000000000050       0.18976662622273302     
   9.9000000000000057       0.18881422069186624     
   9.9500000000000064       0.18786647779848728     
   10.000000000000007       0.18692427649624435     
   10.050000000000008       0.18598797160265662     
   10.100000000000009       0.18505715849581955     
   10.150000000000009       0.18413092345497351     
   10.200000000000010       0.18320841502280630     
   10.250000000000011       0.18228936968445508     
   10.300000000000011       0.18137425842502930     
   10.350000000000012       0.18046396531903158     
   10.400000000000013       0.17955920738011280     
   10.450000000000014       0.17866006668253101     
   10.500000000000014       0.17776593031351262     
   10.550000000000015       0.17687587175696681     
   10.600000000000016       0.17598922713204893     
   10.650000000000016       0.17510599903752122     
   10.700000000000017       0.17422683407891901     
   10.750000000000018       0.17335259291843677     
   10.800000000000018       0.17248378936170192     
   10.850000000000019       0.17162025476294765     
   10.900000000000020       0.17076123757703604     
   10.950000000000021       0.16990587048157754     
   11.000000000000021       0.16905370596929326     
   11.050000000000022       0.16820498135599471     
   11.100000000000023       0.16736044872306105     
   11.150000000000023       0.16652088171047671     
   11.200000000000024       0.16568657373308548     
   11.250000000000025       0.16485714417838676     
   11.300000000000026       0.16403177155680035     
   11.350000000000026       0.16320970224456058     
   11.400000000000027       0.16239071149812156     
   11.450000000000028       0.16157522694770093     
   11.500000000000028       0.16076404031307517     
   11.550000000000029       0.15995779293516355     
   11.600000000000030       0.15915656097522035     
   11.650000000000031       0.15835980001836578     
   11.700000000000031       0.15756668023972645     
   11.750000000000032       0.15677659766351276     
   11.800000000000033       0.15598953875615204     
   11.850000000000033       0.15520607102637973     
   11.900000000000034       0.15442696928105251     
   11.950000000000035       0.15365271552535062     
   12.000000000000036       0.15288318720264471     
   12.050000000000036       0.15211772720962177     
   12.100000000000037       0.15135554805687926     
   12.150000000000038       0.15059621389717009     
   12.200000000000038       0.14983989807418646     
   12.250000000000039       0.14908725733615011     
   12.300000000000040       0.14833900510027387     
   12.350000000000041       0.14759545333831586     
   12.400000000000041       0.14685630949337442     
   12.450000000000042       0.14612085272084879     
   12.500000000000043       0.14538837580736100     
   12.550000000000043       0.14465861458463253     
   12.600000000000044       0.14393189726788311     
   12.650000000000045       0.14320892336056831     
   12.700000000000045       0.14249031337988816     
   12.750000000000046       0.14177621190036468     
   12.800000000000047       0.14106619040301865     
   12.850000000000048       0.14035950749651646     
   12.900000000000048       0.13965556135220961     
   12.950000000000049       0.13895425141427833     
   13.000000000000050       0.13825602560326364     
   13.050000000000050       0.13756158667596427     
   13.100000000000051       0.13687144313527916     
   13.150000000000052       0.13618558465043504     
   13.200000000000053       0.13550348201175813     
   13.250000000000053       0.13482440861796599     
   13.300000000000054       0.13414788142370729     
   13.350000000000055       0.13347394732005735     
   13.400000000000055       0.13280313921804765     
   13.450000000000056       0.13213613204406569     
   13.500000000000057       0.13147331401364870     
   13.550000000000058       0.13081453878667626     
   13.600000000000058       0.13015920985811721     
   13.650000000000059       0.12950664206392776     
   13.700000000000060       0.12885647470592759     
   13.750000000000060       0.12820888115661000     
   13.800000000000061       0.12756444765366354     
   13.850000000000062       0.12692379892860031     
   13.900000000000063       0.12628720338541652     
   13.950000000000063       0.12565440089524649     
   14.000000000000064       0.12502475707686841     
   14.050000000000065       0.12439764631292627     
   14.100000000000065       0.12377282619765285     
   14.150000000000066       0.12315057362970165     
   14.200000000000067       0.12253150118469899     
   14.250000000000068       0.12191616922739687     
   14.300000000000068       0.12130473331619289     
   14.350000000000069       0.12069684257047360     
   14.400000000000070       0.12009184899357454     
   14.450000000000070       0.11948919691167015     
   14.500000000000071       0.11888875277062975     
   14.550000000000072       0.11829087423831225     
   14.600000000000072       0.11769617869625165     
   14.650000000000073       0.11710515511158451     
   14.700000000000074       0.11651785750270585     
   14.750000000000075       0.11593386622822856     
   14.800000000000075       0.11535253835127272     
   14.850000000000076       0.11477339203723101     
   14.900000000000077       0.11419638978094303     
   14.950000000000077       0.11362194900219307     
   15.000000000000078       0.11305067593388730     
   15.050000000000079       0.11248298694366825     
   15.100000000000080       0.11191884829000763     
   15.150000000000080       0.11135779128207843     
   15.200000000000081       0.11079919126926704     
   15.250000000000082       0.11024263901134883     
   15.300000000000082       0.10968817857106845     
   15.350000000000083       0.10913626878772452     
   15.400000000000084       0.10858749402124633     
   15.450000000000085       0.10804220130154429     
   15.500000000000085       0.10750028389324810     
   15.550000000000086       0.10696124080693316     
   15.600000000000087       0.10642447396912892     
   15.650000000000087       0.10588964168228086     
   15.700000000000088       0.10535685470519322     
   15.750000000000089       0.10482659809228588     
   15.800000000000090       0.10429942819813201     
   15.850000000000090       0.10377562916694082     
   15.900000000000091       0.10325503593396933     
   15.950000000000092       0.10273712876769282     
   16.000000000000092       0.10222134025358685     
   16.050000000000093       0.10170738856938301     
   16.100000000000094       0.10119543680073080     
   16.150000000000095       0.10068598419363131     
   16.200000000000095       0.10017955677389688     
   16.250000000000096        9.9676384348512392E-002
   16.300000000000097        9.9176257376893395E-002
   16.350000000000097        9.8678647847930998E-002
   16.400000000000098        9.8183019690908924E-002
   16.450000000000099        9.7689141662397311E-002
   16.500000000000099        9.7197215846296786E-002
   16.550000000000100        9.6707746610026138E-002
   16.600000000000101        9.6221230317154405E-002
   16.650000000000102        9.5737852207609622E-002
   16.700000000000102        9.5257370925848461E-002
   16.750000000000103        9.4779257880011750E-002
   16.800000000000104        9.4303006439168641E-002
   16.850000000000104        9.3828425775431254E-002
   16.900000000000105        9.3355744924360357E-002
   16.950000000000106        9.2885466846484036E-002
   17.000000000000107        9.2418061115822764E-002
   17.050000000000107        9.1953678744337686E-002
   17.100000000000108        9.1492057911973984E-002
   17.150000000000109        9.1032674854724618E-002
   17.200000000000109        9.0575048638406930E-002
   17.250000000000110        9.0119018369481690E-002
   17.300000000000111        8.9664829281264666E-002
   17.350000000000112        8.9212978421889327E-002
   17.400000000000112        8.8763912944411771E-002
   17.450000000000113        8.8317760087583089E-002
   17.500000000000114        8.7874247686876336E-002
   17.550000000000114        8.7432860475218380E-002
   17.600000000000115        8.6993138300991757E-002
   17.650000000000116        8.6554939773101636E-002
   17.700000000000117        8.6118516706132547E-002
   17.750000000000117        8.5684357181965820E-002
   17.800000000000118        8.5252891171588463E-002
   17.850000000000119        8.4824232418637249E-002
   17.900000000000119        8.4398107519343388E-002
   17.950000000000120        8.3974012215535312E-002
   18.000000000000121        8.3551501638305825E-002
   18.050000000000122        8.3130443745738178E-002
   18.100000000000122        8.2711088192554516E-002
   18.150000000000123        8.2293911905474026E-002
   18.200000000000124        8.1879333232957166E-002
   18.250000000000124        8.1467462345794300E-002
   18.300000000000125        8.1058032986633846E-002
   18.350000000000126        8.0650553846500425E-002
   18.400000000000126        8.0244589773041719E-002
   18.450000000000127        7.9840008340908680E-002
   18.500000000000128        7.9437048863116172E-002
   18.550000000000129        7.9036175207118323E-002
   18.600000000000129        7.8637799483143547E-002
   18.650000000000130        7.8242037737192280E-002
   18.700000000000131        7.7848638849211421E-002
   18.750000000000131        7.7457126399515949E-002
   18.800000000000132        7.7067069799521493E-002
   18.850000000000133        7.6678327036720437E-002
   18.900000000000134        7.6291119137902208E-002
   18.950000000000134        7.5905894731874021E-002
   19.000000000000135        7.5523064428445377E-002
   19.050000000000136        7.5142759010824359E-002
   19.100000000000136        7.4764750399792454E-002
   19.150000000000137        7.4388579550584519E-002
   19.200000000000138        7.4013816169265903E-002
   19.250000000000139        7.3640300110276710E-002
   19.300000000000139        7.3268226125814392E-002
   19.350000000000140        7.2898024623151120E-002
   19.400000000000141        7.2530108326463977E-002
   19.450000000000141        7.2164630872505742E-002
   19.500000000000142        7.1801395281592462E-002
   19.550000000000143        7.1439963421434244E-002
   19.600000000000144        7.1079902396103734E-002
   19.650000000000144        7.0721026242238791E-002
   19.700000000000145        7.0363495214223970E-002
   19.750000000000146        7.0007717232474037E-002
   19.800000000000146        6.9654109121393332E-002
   19.850000000000147        6.9302854482167359E-002
   19.900000000000148        6.8953795774095730E-002
   19.950000000000149        6.8606520810566576E-002
   20.000000000000149        6.8260593095141084E-002
   20.050000000000150        6.7915794351043890E-002
   20.100000000000151        6.7572241831347982E-002
   20.150000000000151        6.7230315023237314E-002
   20.200000000000152        6.6890434662601514E-002
   20.250000000000153        6.6552820013595443E-002
   20.300000000000153        6.6217361544031114E-002
   20.350000000000154        6.5883679882364959E-002
   20.400000000000155        6.5551336393820769E-002
   20.450000000000156        6.5220075676320988E-002
   20.500000000000156        6.4889963361176556E-002
   20.550000000000157        6.4561342608474501E-002
   20.600000000000158        6.4234635129645085E-002
   20.650000000000158        6.3910099549225302E-002
   20.700000000000159        6.3587682849850502E-002
   20.750000000000160        6.3267047353286351E-002
   20.800000000000161        6.2947756780159278E-002
   20.850000000000161        6.2629516160860557E-002
   20.900000000000162        6.2312331207966150E-002
   20.950000000000163        6.1996498857331710E-002
   21.000000000000163        6.1682435560687587E-002
   21.050000000000164        6.1370440217377649E-002
   21.100000000000165        6.1060524163841556E-002
   21.150000000000166        6.0752402214288299E-002
   21.200000000000166        6.0445648479930801E-002
   21.250000000000167        6.0139929221804236E-002
   21.300000000000168        5.9835183042520050E-002
   21.350000000000168        5.9531649014837915E-002
   21.400000000000169        5.9229728358706789E-002
   21.450000000000170        5.8929757434011673E-002
   21.500000000000171        5.8631818130950565E-002
   21.550000000000171        5.8335690008639945E-002
   21.600000000000172        5.8040969473100550E-002
   21.650000000000173        5.7747289052566417E-002
   21.700000000000173        5.7454515321216107E-002
   21.750000000000174        5.7162816815213680E-002
   21.800000000000175        5.6872565641156246E-002
   21.850000000000176        5.6584128058935382E-002
   21.900000000000176        5.6297659712513125E-002
   21.950000000000177        5.6013017631930166E-002
   22.000000000000178        5.5729836256561568E-002
   22.050000000000178        5.5447724649443732E-002
   22.100000000000179        5.5166476253746884E-002
   22.150000000000180        5.4886176643449060E-002
   22.200000000000180        5.4607151321432131E-002
   22.250000000000181        5.4329783230389249E-002
   22.300000000000182        5.4054300267361514E-002
   22.350000000000183        5.3780648523376710E-002
   22.400000000000183        5.3508519413794399E-002
   22.450000000000184        5.3237514791859647E-002
   22.500000000000185        5.2967359500451047E-002
   22.550000000000185        5.2698045924184186E-002
   22.600000000000186        5.2429832888414046E-002
   22.650000000000187        5.2163100626945395E-002
   22.700000000000188        5.1898141214630662E-002
   22.750000000000188        5.1634997966570603E-002
   22.800000000000189        5.1373439936344065E-002
   22.850000000000190        5.1113084190755630E-002
   22.900000000000190        5.0853598984172382E-002
   22.950000000000191        5.0594878093974248E-002
   23.000000000000192        5.0337093011387550E-002
   23.050000000000193        5.0080595962348082E-002
   23.100000000000193        4.9825726835049843E-002
   23.150000000000194        4.9572628020411437E-002
   23.200000000000195        4.9321166031528085E-002
   23.250000000000195        4.9071000908505094E-002
   23.300000000000196        4.8821765258655149E-002
   23.350000000000197        4.8573256722873923E-002
   23.400000000000198        4.8325541361243875E-002
   23.450000000000198        4.8078913699509958E-002
   23.500000000000199        4.7833735760726970E-002
   23.550000000000200        4.7590241393802038E-002
   23.600000000000200        4.7348409836462192E-002
   23.650000000000201        4.7107974891184345E-002
   23.700000000000202        4.6868563810218339E-002
   23.750000000000203        4.6629891536026077E-002
   23.800000000000203        4.6391907397478102E-002
   23.850000000000204        4.6154817326533558E-002
   23.900000000000205        4.5918970867774564E-002
   23.950000000000205        4.5684673444970798E-002
   24.000000000000206        4.5452023073086364E-002
   24.050000000000207        4.5220856998936923E-002
   24.100000000000207        4.4990835380852356E-002
   24.150000000000208        4.4761617132648812E-002
   24.200000000000209        4.4533035257994638E-002
   24.250000000000210        4.4305180090954563E-002
   24.300000000000210        4.4078347726701467E-002
   24.350000000000211        4.3852881570629020E-002
   24.400000000000212        4.3628990330613154E-002
   24.450000000000212        4.3406637285129460E-002
   24.500000000000213        4.3185557789801349E-002
   24.550000000000214        4.2965394938218812E-002
   24.600000000000215        4.2745882146545032E-002
   24.650000000000215        4.2526977776340742E-002
   24.700000000000216        4.2308882559477526E-002
   24.750000000000217        4.2091931741373066E-002
   24.800000000000217        4.1876418564598894E-002
   24.850000000000218        4.1662440588142322E-002
   24.900000000000219        4.1449847762844931E-002
   24.950000000000220        4.1238318160660738E-002
   25.000000000000220        4.1027521470695993E-002
   25.050000000000221        4.0817285717127255E-002
   25.100000000000222        4.0607681764590182E-002
   25.150000000000222        4.0398983015031635E-002
   25.200000000000223        4.0191521873915184E-002
   25.250000000000224        3.9985517067654901E-002
   25.300000000000225        3.9780960087565972E-002
   25.350000000000225        3.9577618125694658E-002
   25.400000000000226        3.9375151093081977E-002
   25.450000000000227        3.9173282372449894E-002
   25.500000000000227        3.8971936237124555E-002
   25.550000000000228        3.8771272552504538E-002
   25.600000000000229        3.8571602003541913E-002
   25.650000000000230        3.8373225649855833E-002
   25.700000000000230        3.8176280424636742E-002
   25.750000000000231        3.7980668452509851E-002
   25.800000000000232        3.7786105128711459E-002
   25.850000000000232        3.7592260832149789E-002
   25.900000000000233        3.7398924323777630E-002
   25.950000000000234        3.7206105656112348E-002
   26.000000000000234        3.7014027491341459E-002
   26.050000000000235        3.6823010058120942E-002
   26.100000000000236        3.6633308108791500E-002
   26.150000000000237        3.6444981672277159E-002
   26.200000000000237        3.6257864791708991E-002
   26.250000000000238        3.6071647039778429E-002
   26.300000000000239        3.5886026365908090E-002
   26.350000000000239        3.5700856771513953E-002
   26.400000000000240        3.5516217581469632E-002
   26.450000000000241        3.5332370609298974E-002
   26.500000000000242        3.5149627308242067E-002
   26.550000000000242        3.4968192287709442E-002
   26.600000000000243        3.4788060626753652E-002
   26.650000000000244        3.4609019176873881E-002
   26.700000000000244        3.4430750381791345E-002
   26.750000000000245        3.4252986747771691E-002
   26.800000000000246        3.4075639708254390E-002
   26.850000000000247        3.3898839893774957E-002
   26.900000000000247        3.3722869795225270E-002
   26.950000000000248        3.3548022617057173E-002
   27.000000000000249        3.3374456854200679E-002
   27.050000000000249        3.3202117562160384E-002
   27.100000000000250        3.3030762135901864E-002
   27.150000000000251        3.2860077216092132E-002
   27.200000000000252        3.2689829194075565E-002
   27.250000000000252        3.2519975026155577E-002
   27.300000000000253        3.2350679987830658E-002
   27.350000000000254        3.2182234528672596E-002
   27.400000000000254        3.2014911216174544E-002
   27.450000000000255        3.1848831278775587E-002
   27.500000000000256        3.1683904975927865E-002
   27.550000000000257        3.1519873890143192E-002
   27.600000000000257        3.1356433993425595E-002
   27.650000000000258        3.1193379780693687E-002
   27.700000000000259        3.1030700234673855E-002
   27.750000000000259        3.0868581094369147E-002
   27.800000000000260        3.0707313104848800E-002
   27.850000000000261        3.0547150792012808E-002
   27.900000000000261        3.0388189455530387E-002
   27.950000000000262        3.0230318757926838E-002
   28.000000000000263        3.0073274335620445E-002
   28.050000000000264        2.9916762145135212E-002
   28.100000000000264        2.9760596039899771E-002
   28.150000000000265        2.9604783385060222E-002
   28.200000000000266        2.9449518691934545E-002
   28.250000000000266        2.9295089028536860E-002
   28.300000000000267        2.9141736483425652E-002
   28.350000000000268        2.8989542723223547E-002
   28.400000000000269        2.8838389679026851E-002
   28.450000000000269        2.8688014171657426E-002
   28.500000000000270        2.8538130123321626E-002
   28.550000000000271        2.8388560656271215E-002
   28.600000000000271        2.8239318323447820E-002
   28.650000000000272        2.8090596497602011E-002
   28.700000000000273        2.7942676661416043E-002
   28.750000000000274        2.7795795384372924E-002
   28.800000000000274        2.7650033053953801E-002
   28.850000000000275        2.7505275740688249E-002
   28.900000000000276        2.7361267234317602E-002
   28.950000000000276        2.7217726462505507E-002
   29.000000000000277        2.7074475586584733E-002
   29.050000000000278        2.6931519689165431E-002
   29.100000000000279        2.6789041812125030E-002
   29.150000000000279        2.6647316329369165E-002
   29.200000000000280        2.6506581049320938E-002
   29.250000000000281        2.6366926933904723E-002
   29.300000000000281        2.6228255686229000E-002
   29.350000000000282        2.6090323990978360E-002
   29.400000000000283        2.5952853525738055E-002
   29.450000000000284        2.5815656150909052E-002
   29.500000000000284        2.5678717296225839E-002
   29.550000000000285        2.5542200086008340E-002
   29.600000000000286        2.5406369003172436E-002
   29.650000000000286        2.5271468272836866E-002
   29.700000000000287        2.5137610227997507E-002
   29.750000000000288        2.5004723867727046E-002
   29.800000000000288        2.4872586237414250E-002
   29.850000000000289        2.4740921837380157E-002
   29.900000000000290        2.4609524913332341E-002
   29.950000000000291        2.4478349695043623E-002
   30.000000000000291        2.4347528529272324E-002
   30.050000000000292        2.4217310430355705E-002
   30.100000000000293        2.4087948096979592E-002
   30.150000000000293        2.3959584076087843E-002
   30.200000000000294        2.3832186617996083E-002
   30.250000000000295        2.3705563227223000E-002
   30.300000000000296        2.3579445248280786E-002
   30.350000000000296        2.3453605514215537E-002
   30.400000000000297        2.3327956893527381E-002
   30.450000000000298        2.3202588515584266E-002
   30.500000000000298        2.3077724289708071E-002
   30.550000000000299        2.2953622586432264E-002
   30.600000000000300        2.2830461527234742E-002
   30.650000000000301        2.2708260163498136E-002
   30.700000000000301        2.2586869639463474E-002
   30.750000000000302        2.2466037584313491E-002
   30.800000000000303        2.2345517089122739E-002
   30.850000000000303        2.2225172560513606E-002
   30.900000000000304        2.2105036592981839E-002
   30.950000000000305        2.1985293676050528E-002
   31.000000000000306        2.1866198411116009E-002
   31.050000000000306        2.1747964073701075E-002
   31.100000000000307        2.1630669746924680E-002
   31.150000000000308        2.1514225766160116E-002
   31.200000000000308        2.1398411785663797E-002
   31.250000000000309        2.1282970532799955E-002
   31.300000000000310        2.1167716692922188E-002
   31.350000000000311        2.1052614340876213E-002
   31.400000000000311        2.0937790222607541E-002
   31.450000000000312        2.0823477806347575E-002
   31.500000000000313        2.0709916452664234E-002
   31.550000000000313        2.0597248803065182E-002
   31.600000000000314        2.0485459781082280E-002
   31.650000000000315        2.0374382576762919E-002
   31.700000000000315        2.0263768499951630E-002
   31.750000000000316        2.0153390768374215E-002
   31.800000000000317        2.0043138376539756E-002
   31.850000000000318        1.9933060817344184E-002
   31.900000000000318        1.9823345398228449E-002
   31.950000000000319        1.9714237219047359E-002
   32.000000000000320        1.9605935652507792E-002
   32.050000000000317        1.9498510570581003E-002
   32.100000000000314        1.9391872898374525E-002
   32.150000000000311        1.9285811201927124E-002
   32.200000000000308        1.9180078593498157E-002
   32.250000000000306        1.9074493649947750E-002
   32.300000000000303        1.8969013665822324E-002
   32.350000000000300        1.8863750388068024E-002
   32.400000000000297        1.8758922298866169E-002
   32.450000000000294        1.8654763553859397E-002
   32.500000000000291        1.8551427171591067E-002
   32.550000000000288        1.8448922000188602E-002
   32.600000000000286        1.8347108804906954E-002
   32.650000000000283        1.8245756527133047E-002
   32.700000000000280        1.8144635362701229E-002
   32.750000000000277        1.8043608671026945E-002
   32.800000000000274        1.7942686620832947E-002
   32.850000000000271        1.7842020308895305E-002
   32.900000000000269        1.7741839262601835E-002
   32.950000000000266        1.7642357925218479E-002
   33.000000000000263        1.7543688858421939E-002
   33.050000000000260        1.7445797288586171E-002
   33.100000000000257        1.7348514743634545E-002
   33.150000000000254        1.7251605806764148E-002
   33.200000000000252        1.7154860981427419E-002
   33.250000000000249        1.7058178616616175E-002
   33.300000000000246        1.6961603588653191E-002
   33.350000000000243        1.6865307872877447E-002
   33.400000000000240        1.6769521198998993E-002
   33.450000000000237        1.6674439512874763E-002
   33.500000000000234        1.6580147357056558E-002
   33.550000000000232        1.6486584421093360E-002
   33.600000000000229        1.6393568912596929E-002
   33.650000000000226        1.6300868107152387E-002
   33.700000000000223        1.6208288195902813E-002
   33.750000000000220        1.6115748381294485E-002
   33.800000000000217        1.6023310676483982E-002
   33.850000000000215        1.5931154311973266E-002
   33.900000000000212        1.5839505141022701E-002
   33.950000000000209        1.5748547629250126E-002
   34.000000000000206        1.5658353378936379E-002
   34.050000000000203        1.5568853408674171E-002
   34.100000000000200        1.5479864366476767E-002
   34.150000000000198        1.5391158166207028E-002
   34.200000000000195        1.5302548136576116E-002
   34.250000000000192        1.5213958818808590E-002
   34.300000000000189        1.5125453130580814E-002
   34.350000000000186        1.5037207038678916E-002
   34.400000000000183        1.4949441795147608E-002
   34.450000000000180        1.4862339640082663E-002
   34.500000000000178        1.4775974773415973E-002
   34.550000000000175        1.4690285300536975E-002
   34.600000000000172        1.4605096238364000E-002
   34.650000000000169        1.4520184510896244E-002
   34.700000000000166        1.4435361353010946E-002
   34.750000000000163        1.4350541375864547E-002
   34.800000000000161        1.4265772855371169E-002
   34.850000000000158        1.4181218434970741E-002
   34.900000000000155        1.4097093837088339E-002
   34.950000000000152        1.4013587523414797E-002
   35.000000000000149        1.3930790953355509E-002
   35.050000000000146        1.3848664851974796E-002
   35.100000000000144        1.3767053445194957E-002
   35.150000000000141        1.3685741007064279E-002
   35.200000000000138        1.3604529762423045E-002
   35.250000000000135        1.3523310706053386E-002
   35.300000000000132        1.3442101809326963E-002
   35.350000000000129        1.3361040160496182E-002
   35.400000000000126        1.3280331322877537E-002
   35.450000000000124        1.3200174507508667E-002
   35.500000000000121        1.3120690584458793E-002
   35.550000000000118        1.3041878607978466E-002
   35.600000000000115        1.2963616054699091E-002
   35.650000000000112        1.2885702252895275E-002
   35.700000000000109        1.2807929179532869E-002
   35.750000000000107        1.2730154324575176E-002
   35.800000000000104        1.2652349910384039E-002
   35.850000000000101        1.2574611394079251E-002
   35.900000000000098        1.2497122680993169E-002
   35.950000000000095        1.2420090658457367E-002
   36.000000000000092        1.2343672208139578E-002
   36.050000000000090        1.2267919180018903E-002
   36.100000000000087        1.2192760250310845E-002
   36.150000000000084        1.2118025570516973E-002
   36.200000000000081        1.2043505258148816E-002
   36.250000000000078        1.1969021235016671E-002
   36.300000000000075        1.1894487595314187E-002
   36.350000000000072        1.1819938935429727E-002
   36.400000000000070        1.1745517292582353E-002
   36.450000000000067        1.1671422569309106E-002
   36.500000000000064        1.1597843671148779E-002
   36.550000000000061        1.1524893900650023E-002
   36.600000000000058        1.1452572405835774E-002
   36.650000000000055        1.1380764411685968E-002
   36.700000000000053        1.1309279754922828E-002
   36.750000000000050        1.1237916403061168E-002
   36.800000000000047        1.1166527457513009E-002
   36.850000000000044        1.1095069260959533E-002
   36.900000000000041        1.1023614808335417E-002
   36.950000000000038        1.0952328376697585E-002
   37.000000000000036        1.0881410169359991E-002
   37.050000000000033        1.0811029542410032E-002
   37.100000000000030        1.0741268889937544E-002
   37.150000000000027        1.0672096475066810E-002
   37.200000000000024        1.0603376784673248E-002
   37.250000000000021        1.0534914635992406E-002
   37.300000000000018        1.0466518340422094E-002
   37.350000000000016        1.0398061249260782E-002
   37.400000000000013        1.0329521807510563E-002
   37.450000000000010        1.0260989436816378E-002
   37.500000000000007        1.0192634720951523E-002
   37.550000000000004        1.0124653825562567E-002
   37.600000000000001        1.0057205180007247E-002
   37.649999999999999        9.9903586682038061E-003
   37.699999999999996        9.9240733267699638E-003
   37.749999999999993        9.8582103043626679E-003
   37.799999999999990        9.7925766133353832E-003
   37.849999999999987        9.7269855760577575E-003
   37.899999999999984        9.6613148246559449E-003
   37.949999999999982        9.5955437423860587E-003
   37.999999999999979        9.5297588959164497E-003
   38.049999999999976        9.4641261168236547E-003
   38.099999999999973        9.3988382444756859E-003
   38.149999999999970        9.3340549358472327E-003
   38.199999999999967        9.2698531618717692E-003
   38.249999999999964        9.2062034686821691E-003
   38.299999999999962        9.1429789859117684E-003
   38.349999999999959        9.0799940764300958E-003
   38.399999999999956        9.0170605522064008E-003
   38.449999999999953        8.9540442270587377E-003
   38.499999999999950        8.8909047190797869E-003
   38.549999999999947        8.8277067023529408E-003
   38.599999999999945        8.7645995455738236E-003
   38.649999999999942        8.7017717773476520E-003
   38.699999999999939        8.6393942330197284E-003
   38.749999999999936        8.5775689037930845E-003
   38.799999999999933        8.5162985754594113E-003
   38.849999999999930        8.4554859888369017E-003
   38.899999999999928        8.3949624408145886E-003
   38.949999999999925        8.3345371117063659E-003
   38.999999999999922        8.2740524726624774E-003
   39.049999999999919        8.2134295682571804E-003
   39.099999999999916        8.1526901442054156E-003
   39.149999999999913        8.0919494788555708E-003
   39.199999999999910        8.0313823131129697E-003
   39.249999999999908        7.9711719674259787E-003
   39.299999999999905        7.9114574001636021E-003
   39.349999999999902        7.8522933321358273E-003
   39.399999999999899        7.7936346244919987E-003
   39.449999999999896        7.7353490612154310E-003
   39.499999999999893        7.6772546077871562E-003
   39.549999999999891        7.6191703912631345E-003
   39.599999999999888        7.5609669612014367E-003
   39.649999999999885        7.5026018067675341E-003
   39.699999999999882        7.4441304169984811E-003
   39.749999999999879        7.3856900964892822E-003
   39.799999999999876        7.3274613156756744E-003
   39.849999999999874        7.2696174852658613E-003
   39.899999999999871        7.2122770541587673E-003
   39.949999999999868        7.1554709858515112E-003
   39.999999999999865        7.0991342862134288E-003
   40.049999999999862        7.0431236039481234E-003
   40.099999999999859        6.9872558530539447E-003
   40.149999999999856        6.9313572277286649E-003
   40.199999999999854        6.8753093569638131E-003
   40.249999999999851        6.8190803121186251E-003
   40.299999999999848        6.7627323969782606E-003
   40.349999999999845        6.7064049239496624E-003
   40.399999999999842        6.6502768079082569E-003
   40.449999999999839        6.5945190392538815E-003
   40.499999999999837        6.5392495919717559E-003
   40.549999999999834        6.4845024935059016E-003
   40.599999999999831        6.4302189238971868E-003
   40.649999999999828        6.3762623916900985E-003
   40.699999999999825        6.3224538001003154E-003
   40.749999999999822        6.2686171792623062E-003
   40.799999999999820        6.2146242791433744E-003
   40.849999999999817        6.1604266921456291E-003
   40.899999999999814        6.1060675117288934E-003
   40.949999999999811        6.0516698225248173E-003
   40.999999999999808        5.9974051815524674E-003
   41.049999999999805        5.9434502068959165E-003
   41.099999999999802        5.8899422252230828E-003
   41.149999999999800        5.8369449900248080E-003
   41.199999999999797        5.7844328205352751E-003
   41.249999999999794        5.7322968483784530E-003
   41.299999999999791        5.6803715866911818E-003
   41.349999999999788        5.6284751100518816E-003
   41.399999999999785        5.5764529365953100E-003
   41.449999999999783        5.5242149670540032E-003
   41.499999999999780        5.4717566758388427E-003
   41.549999999999777        5.4191596617878370E-003
   41.599999999999774        5.3665716656307082E-003
   41.649999999999771        5.3141710328210214E-003
   41.699999999999768        5.2621241952467155E-003
   41.749999999999766        5.2105462491843424E-003
   41.799999999999763        5.1594738198739972E-003
   41.849999999999760        5.1088563923894067E-003
   41.899999999999757        5.0585679066043245E-003
   41.949999999999754        5.0084357081753147E-003
   41.999999999999751        4.9582800078550125E-003
   42.049999999999748        4.9079547101030380E-003
   42.099999999999746        4.8573803085232440E-003
   42.149999999999743        4.8065614924871188E-003
   42.199999999999740        4.7555856730458375E-003
   42.249999999999737        4.7046029752834577E-003
   42.299999999999734        4.6537923696218092E-003
   42.349999999999731        4.6033216151468983E-003
   42.399999999999729        4.5533099297483020E-003
   42.449999999999726        4.5038015576095783E-003
   42.499999999999723        4.4547558893211544E-003
   42.549999999999720        4.4060560978492896E-003
   42.599999999999717        4.3575342155058030E-003
   42.649999999999714        4.3090070722160510E-003
   42.699999999999712        4.2603152808305981E-003
   42.749999999999709        4.2113569336194590E-003
   42.799999999999706        4.1621089302891654E-003
   42.849999999999703        4.1126315792941242E-003
   42.899999999999700        4.0630556905671151E-003
   42.949999999999697        4.0135550397816626E-003
   42.999999999999694        3.9643100696644803E-003
   43.049999999999692        3.9154704049122017E-003
   43.099999999999689        3.8671238774111174E-003
   43.149999999999686        3.8192783065211992E-003
   43.199999999999683        3.7718595927171256E-003
   43.249999999999680        3.7247263376735743E-003
   43.299999999999677        3.6776978890681539E-003
   43.349999999999675        3.6305900841559443E-003
   43.399999999999672        3.5832515337648929E-003
   43.449999999999669        3.5355932970983850E-003
   43.499999999999666        3.4876062058982922E-003
   43.549999999999663        3.4393625909850951E-003
   43.599999999999660        3.3910022318176737E-003
   43.649999999999658        3.3427053843847823E-003
   43.699999999999655        3.2946581651820579E-003
   43.749999999999652        3.2470169362132828E-003
   43.799999999999649        3.1998784194873205E-003
   43.849999999999646        3.1532610899137480E-003
   43.899999999999643        3.1071012084532431E-003
   43.949999999999640        3.0612640964106457E-003
   43.999999999999638        3.0155684411338618E-003
   44.049999999999635        2.9698190781716240E-003
   44.099999999999632        2.9238422275979950E-003
   44.149999999999629        2.8775168121934901E-003
   44.199999999999626        2.8307962831275240E-003
   44.249999999999623        2.7837171498315484E-003
   44.299999999999621        2.7363928140947324E-003
   44.349999999999618        2.6889939043741556E-003
   44.399999999999615        2.6417186373546438E-003
   44.449999999999612        2.5947584046662861E-003
   44.499999999999609        2.5482645258290931E-003
   44.549999999999606        2.5023218243341964E-003
   44.599999999999604        2.4569334502428843E-003
   44.649999999999601        2.4120194244059410E-003
   44.699999999999598        2.3674290616046306E-003
   44.749999999999595        2.3229651362132900E-003
   44.799999999999592        2.2784157595535062E-003
   44.849999999999589        2.2335887391295790E-003
   44.899999999999586        2.1883428592503582E-003
   44.949999999999584        2.1426110874145673E-003
   44.999999999999581        2.0964120552256688E-003
   45.049999999999578        2.0498480520956541E-003
   45.099999999999575        2.0030898939491803E-003
   45.149999999999572        1.9563510525050431E-003
   45.199999999999569        1.9098550467461840E-003
   45.249999999999567        1.8638010739516579E-003
   45.299999999999564        1.8183330657059438E-003
   45.349999999999561        1.7735167867587508E-003
   45.399999999999558        1.7293283585358638E-003
   45.449999999999555        1.6856558851601113E-003
   45.499999999999552        1.6423139484640747E-003
   45.549999999999550        1.5990688992991863E-003
   45.599999999999547        1.5556713634887135E-003
   45.649999999999544        1.5118914029877300E-003
   45.699999999999541        1.4675514449980461E-003
   45.749999999999538        1.4225524383646140E-003
   45.799999999999535        1.3768896492814613E-003
   45.849999999999532        1.3306559203965925E-003
   45.899999999999530        1.2840318875102885E-003
   45.949999999999527        1.2372643500287845E-003
   45.999999999999524        1.1906355051442864E-003
   46.049999999999521        1.1444268956386653E-003
   46.099999999999518        1.0988825576122708E-003
   46.149999999999515        1.0541759268177405E-003
   46.199999999999513        1.0103845826665364E-003
   46.249999999999510        9.6747595595331887E-004
   46.299999999999507        9.2530583126549163E-004
   46.349999999999504        8.8363000278671036E-004
   46.399999999999501        8.4212796930739197E-004
   46.449999999999498        8.0043624738561890E-004
   46.499999999999496        7.5818787883451223E-004
   46.549999999999493        7.1505410572347123E-004
   46.599999999999490        6.7078402835866904E-004
   46.649999999999487        6.2523834319416316E-004
   46.699999999999484        5.7841392530222672E-004
   46.749999999999481        5.3045698339908146E-004
   46.799999999999478        4.8166365925671894E-004
   46.849999999999476        4.3246814203301581E-004
   46.899999999999473        3.8341949973814959E-004
   46.949999999999470        3.3514938897138627E-004
   46.999999999999467        2.8833351001939336E-004
   47.049999999999464        2.4365007865706338E-004
   47.099999999999461        2.0173867318924068E-004
   47.149999999999459        1.6316260184248818E-004
   47.199999999999456        1.2837746503046620E-004
   47.249999999999453        9.7707922863515646E-005
   47.299999999999450        7.1333896078166898E-005
   47.349999999999447        4.9286607339723952E-005
   47.399999999999444        3.1454084297357852E-005
   47.449999999999442        1.7595059684105379E-005
   47.499999999999439        7.3596654609167892E-006
   47.549999999999436        3.1495762851264952E-007
   47.599999999999433       -4.0268627995860983E-006
   47.649999999999430       -6.1796553083810128E-006
   47.699999999999427       -6.6559208146328255E-006
   47.749999999999424       -5.9424037327226737E-006
   47.799999999999422       -4.4799674110666402E-006
   47.849999999999419       -2.6485533769122450E-006
   47.899999999999416       -7.5758531142399572E-007
   47.949999999999413        9.5824254269952401E-007
   47.999999999999410        2.3382167763274894E-006
   48.049999999999407        3.2906064102957107E-006
   48.099999999999405        3.7843220027294439E-006
   48.149999999999402        3.8382444390918005E-006
   48.199999999999399        3.5092532501560383E-006
   48.249999999999396        2.8799257840464848E-006
   48.299999999999393        2.0467591738454914E-006
   48.349999999999390        1.1096045601020950E-006
   48.399999999999388        1.6281586059317065E-007
   48.449999999999385       -7.1157897999976048E-007
   48.499999999999382       -1.4485625474790973E-006
   48.549999999999379       -2.0027123772988165E-006
   48.599999999999376       -2.3488657904736077E-006
   48.649999999999373       -2.4811477295569848E-006
   48.699999999999370       -2.4107099476755048E-006
   48.749999999999368       -2.1625606127352336E-006
   48.799999999999365       -1.7718626258340553E-006
   48.849999999999362       -1.2800520164326914E-006
   48.899999999999359       -7.3108098134442500E-007
   48.949999999999356       -1.6803015893168060E-007
   48.999999999999353        3.6973194619547353E-007
   49.049999999999351        8.4873201548567239E-007
   49.099999999999348        1.2428706117849298E-006
   49.149999999999345        1.5342054952990240E-006
   49.199999999999342        1.7130941126937312E-006
   49.249999999999339        1.7777838148868432E-006
   49.299999999999336        1.7335605103147398E-006
   49.349999999999334        1.5915773601169356E-006
   49.399999999999331        1.3674860432030462E-006
   49.449999999999328        1.0799857922169304E-006
   49.499999999999325        7.4939180331743734E-007
   49.549999999999322        3.9630679220840938E-007
   49.599999999999319        4.0459351746705569E-008
   49.649999999999316       -3.0024790199332508E-007
   49.699999999999314       -6.1045718265358452E-007
   49.749999999999311       -8.7783594064980675E-007
   49.799999999999308       -1.0933283718324048E-006
   49.849999999999305       -1.2511993522819573E-006
   49.899999999999302       -1.3489005390878003E-006
   49.949999999999299       -1.3867935294340698E-006
   49.999999999999297       -1.3677671488234625E-006
   50.049999999999294       -1.2967855657427016E-006
   50.099999999999291       -1.1804015051906460E-006
   50.149999999999288       -1.0262648883407318E-006
   50.199999999999285       -8.4265228128388426E-007
   50.249999999999282       -6.3803707212313020E-007
   50.299999999999280       -4.2071472918692356E-007
   50.349999999999277       -1.9849216377137073E-007
   50.399999999999274        2.1554613429924492E-008
   50.449999999999271        2.3325451528787605E-007
   50.499999999999268        4.3145044205885352E-007
   50.549999999999265        6.1204932587435952E-007
   50.599999999999262        7.7202088186133385E-007
   50.649999999999260        9.0935384530280930E-007
   50.699999999999257        1.0229788837431123E-006
   50.749999999999254        1.1126672450826575E-006
   50.799999999999251        1.1789136518670567E-006
   50.849999999999248        1.2228110920379917E-006
   50.899999999999245        1.2459240942975548E-006
   50.949999999999243        1.2501659073342606E-006
   50.999999999999240        1.2376838074221791E-006
   51.049999999999237        1.2107556034699821E-006
   51.099999999999234        1.1716993416355125E-006
   51.149999999999231        1.1227972671289383E-006
   51.199999999999228        1.0662342991423924E-006
   51.249999999999226        1.0040506245626604E-006
   51.299999999999223        9.3810751628474782E-007
   51.349999999999220        8.7006512419406494E-007
   51.399999999999217        8.0137075763153186E-007
   51.449999999999214        7.3325606041220413E-007
   51.499999999999211        6.6674145457840972E-007
   51.549999999999208        6.0264627798409326E-007
   51.599999999999206        5.4160314521623058E-007
   51.649999999999203        4.8407520440253324E-007
   51.699999999999200        4.3037512926610411E-007
   51.749999999999197        3.8068486376386151E-007
   51.799999999999194        3.3507531554638655E-007
   51.849999999999191        2.9352536637053603E-007
   51.899999999999189        2.5593972671045594E-007
   51.949999999999186        2.2216530429238669E-007
   51.999999999999183        1.9200587992331447E-007
   52.049999999999180        1.6523498795218382E-007
   52.099999999999177        1.4160698322679257E-007
   52.149999999999174        1.2086634252497677E-007
   52.199999999999172        1.0275529774164204E-007
   52.249999999999169        8.7019932546053394E-008
   52.299999999999166        7.3414895907673084E-008
   52.349999999999163        6.1706896974543227E-008
   52.399999999999160        5.1677148358225256E-008
   52.449999999999157        4.3122920865814099E-008
   52.499999999999154        3.5858363858590284E-008
   52.549999999999152        2.9714733217634349E-008
   52.599999999999149        2.4540154634539386E-008
   52.649999999999146        2.0199034662164617E-008
   52.699999999999143        1.6571216480743971E-008
   52.749999999999140        1.3550962284062696E-008
   52.799999999999137        1.1045830019715529E-008
   52.849999999999135        8.9754992288479069E-009
   52.899999999999132        7.2705891026654100E-009
   52.949999999999129        5.8715016851132251E-009
   52.999999999999126        4.7273144065744051E-009
   53.049999999999123        3.7947387787127854E-009
   53.099999999999120        3.0371560225301262E-009
   53.149999999999118        2.4237355219423732E-009
   53.199999999999115        1.9286381614286201E-009
   53.249999999999112        1.5303036815970997E-009
   53.299999999999109        1.2108190358721066E-009
   53.349999999999106        9.5536322685352552E-010
   53.399999999999103        7.5172312427697376E-010
   53.449999999999100        5.8987421203705467E-010
   53.499999999999098        4.6161998647764597E-010
   53.549999999999095        3.6028375223659518E-010
   53.599999999999092        2.8044676806191462E-010
   53.649999999999089        2.1772702764816702E-010
   53.699999999999086        1.6859337474460806E-010
   53.749999999999083        1.3021011205104415E-010
   53.799999999999081        1.0030774235646770E-010
   53.849999999999078        7.7075957518839545E-011
   53.899999999999075        5.9075451486076436E-011
   53.949999999999072        4.5165567554381485E-011
   53.999999999999069        3.4445191109480912E-011
   54.049999999999066        2.6204663765218827E-011
   54.099999999999064        1.9886821871991515E-011
   54.149999999999061        1.5055552203939879E-011
   54.199999999999058        1.1370511778566177E-011
   54.249999999999055        8.5668795028263171E-012
   54.299999999999052        6.4391974185625739E-012
   54.349999999999049        4.8285217060729628E-012
   54.399999999999046        3.6122413204382087E-012
   54.449999999999044        2.6960381351195220E-012
   54.499999999999041        2.0075595529329019E-012
   54.549999999999038        1.4914553116664805E-012
   54.599999999999035        1.1054970207509368E-012
   54.649999999999032        8.1755392953588359E-013
   54.699999999999029        6.0324341314451649E-013
   54.749999999999027        4.4411129789978565E-013
   54.799999999999024        3.2622684261829056E-013
   54.849999999999021        2.3910114964765213E-013
   54.899999999999018        1.7485702310290915E-013
   54.949999999999015        1.2759368268578013E-013
   54.999999999999012        9.2901999933134200E-014
   55.049999999999010        6.7495647896587697E-014
   55.099999999999007        4.8931238767966666E-014
   55.149999999999004        3.5396571856238921E-014
   55.199999999999001        2.5550857012253698E-014
   55.249999999998998        1.8404484211246225E-014
   55.299999999998995        1.3228794996877447E-014
   55.349999999998992        9.4885497572502486E-015
   55.399999999998990        6.7915153820688410E-015
   55.449999999998987        4.8509314089685769E-015
   55.499999999998984        3.4576370055262835E-015
   55.549999999998981        2.4594252549663423E-015
   55.599999999998978        1.7457896014376475E-015
   55.649999999998975        1.2366825313278956E-015
   55.699999999998973        8.7425180771948312E-016
   55.749999999998970        6.1678061268376971E-016
   55.799999999998967        4.3425473369415170E-016
   55.849999999998964        3.0512783592100160E-016
   55.899999999998961        2.1396670814201196E-016
   55.949999999998958        1.4974120384239994E-016
   55.999999999998956        1.0458532446112033E-016
   56.049999999998953        7.2901759010123780E-017
   56.099999999998950        5.0716183386098906E-017
   56.149999999998947        3.5212740843727817E-017
   56.199999999998944        2.4400637397165842E-017
   56.249999999998941        1.6875393167788068E-017
   56.299999999998938        1.1648266090377750E-017
   56.349999999998936        8.0246581435149352E-018
   56.399999999998933        5.5176334517081090E-018
   56.449999999998930        3.7865468155591851E-018
   56.499999999998927        2.5935885575854591E-018
   56.549999999998924        1.7730833177846901E-018
   56.599999999998921        1.2098471944093342E-018
   56.649999999998919        8.2396389102792740E-019
   56.699999999998916        5.6009931745955749E-019
   56.749999999998913        3.8001785292982640E-019
   56.799999999998910        2.5735220838520558E-019
   56.849999999998907        1.7395605722619295E-019
   56.899999999998904        1.1736584967218823E-019
   56.949999999998902        7.9038232116221889E-020
   56.999999999998899        5.3128637292981072E-020
   57.049999999998896        3.5646656499977467E-020
   57.099999999998893        2.3873177941581126E-020
   57.149999999998890        1.5958996923887573E-020
   57.199999999998887        1.0648966241273332E-020
   57.249999999998884        7.0928106136803795E-021
   57.299999999998882        4.7156422804565582E-021
   57.349999999998879        3.1295176811911984E-021
   57.399999999998876        2.0731489078348542E-021
   57.449999999998873        1.3708898196950816E-021
   57.499999999998870        9.0489039814318642E-022
   57.549999999998867        5.9622909353899193E-022
   57.599999999998865        3.9215382765160280E-022
   57.649999999998862        2.5747092406563808E-022
   57.699999999998859        1.6874490449275729E-022
   57.749999999998856        1.1039926049169444E-022
   57.799999999998853        7.2100277464751016E-023
   57.849999999998850        4.7005125090186320E-023
   57.899999999998847        3.0590966678035306E-023
   57.949999999998845        1.9873899251998570E-023
   57.999999999998842        1.2888934662313291E-023
   58.049999999998839        8.3444391860704325E-024
   58.099999999998836        5.3929400858943093E-024
   58.149999999998833        3.4794006592423771E-024
   58.199999999998830        2.2409685691753223E-024
   58.249999999998828        1.4408594521739065E-024
   58.299999999998825        9.2483453149992809E-025
   58.349999999998822        5.9260461454174068E-025
   58.399999999998819        3.7907626039092183E-025
   58.449999999998816        2.4207541537975737E-025
   58.499999999998813        1.5432606286416523E-025
   58.549999999998811        9.8218725653521934E-026
   58.599999999998808        6.2404751298792536E-026
   58.649999999998805        3.9583232696375349E-026
   58.699999999998802        2.5065535235333093E-026
   58.749999999998799        1.5845891888522679E-026
   58.799999999998796        1.0000741950475768E-026
   58.849999999998793        6.3012311057710701E-027
   58.899999999998791        3.9636752016312921E-027
   58.949999999998788        2.4891551597877127E-027
   58.999999999998785        1.5605903366259185E-027
   59.049999999998782        9.7681125258670010E-028
   59.099999999998779        6.1040619898409488E-028
   59.149999999998776        3.8081626323134814E-028
   59.199999999998774        2.3719308453334192E-028
   59.249999999998771        1.4749599934951273E-028
   59.299999999998768        9.1569706942947142E-029
   59.349999999998765        5.6756870608449779E-029
   59.399999999998762        3.5122202878133614E-029
   59.449999999998759        2.1699182861654017E-029
   59.499999999998757        1.3384586671839166E-029
   59.549999999998754        8.2426737793755893E-030
   59.599999999998751        5.0679744891037794E-030
   59.649999999998748        3.1110391163519389E-030
   59.699999999998745        1.9067020645627012E-030
   59.749999999998742        1.1667238399018790E-030
   59.799999999998739        7.1279184214522323E-031
   59.849999999998737        4.3477875342744644E-031
   59.899999999998734        2.6478072494033248E-031
   59.949999999998731        1.6099722374988489E-031
   59.999999999998728        9.7738544216258176E-032
   60.049999999998725        5.9242078043038984E-032
   60.099999999998722        3.5851976954996807E-032
   60.149999999998720        2.1662860147043487E-032
   60.199999999998717        1.3068922726085362E-032
   60.249999999998714        7.8720260614357256E-033
   60.299999999998711        4.7343178949634419E-033
   60.349999999998708        2.8428495604865092E-033
   60.399999999998705        1.7044226897820714E-033
   60.449999999998703        1.0203028266837638E-033
   60.499999999998700        6.0983255147656773E-034
   60.549999999998697        3.6393448478442139E-034
   60.599999999998694        2.1685441326510296E-034
   60.649999999998691        1.2901705163108740E-034
   60.699999999998688        7.6640986469878304E-035
   60.749999999998685        4.5458123791060765E-035
   60.799999999998683        2.6921526904172537E-035
   60.849999999998680        1.5919408662591688E-035
   60.899999999998677        9.3992787521643073E-036
   60.949999999998674        5.5411992200410487E-036
   60.999999999998671        3.2617893364923639E-036
   61.049999999998668        1.9171329205901502E-036
   61.099999999998666        1.1251073620564978E-036
   61.149999999998663        6.5929893948497425E-037
   61.199999999998660        3.8576133086575185E-037
   61.249999999998657        2.2537416679685069E-037
   61.299999999998654        1.3147401373972075E-037
   61.349999999998651        7.6582098140440342E-038
   61.399999999998649        4.4541757516010418E-038
   61.449999999998646        2.5867912110725829E-038
   61.499999999998643        1.5000665377788763E-038
   61.549999999998640        8.6859227147051197E-039
   61.599999999998637        5.0220247929059080E-039
   61.649999999998634        2.8993480491636294E-039
   61.699999999998631        1.6714046596886950E-039
   61.749999999998629        9.6210784872310544E-040
   61.799999999998626        5.5300356328065276E-040
   61.849999999998623        3.1739146705167459E-040
   61.899999999998620        1.8189753865020902E-040
   61.949999999998617        1.0409353625965455E-040
   61.999999999998614        5.9482219491437777E-041
   62.049999999998612        3.3940490974070048E-041
   62.099999999998609        1.9338274060151657E-041
   62.149999999998606        1.1002389385751374E-041
   62.199999999998603        6.2506774471382881E-042
   62.249999999998600        3.5460022229624929E-042
   62.299999999998597        2.0087403719894300E-042
   62.349999999998595        1.1362726355456090E-042
   62.399999999998592        6.4182445473746075E-043
   62.449999999998589        3.6201450927041809E-043
   62.499999999998586        2.0389788516683980E-043
   62.549999999998583        1.1467731338951088E-043
   62.599999999998580        6.4405262232113058E-044
   62.649999999998577        3.6119793021702338E-044
   62.699999999998575        2.0227872455772204E-044
   62.749999999998572        1.1311942868739460E-044
   62.799999999998569        6.3169468843693716E-045
   62.849999999998566        3.5225831160687096E-045
   62.899999999998563        1.9615538929146145E-045
   62.949999999998560        1.0907498827169116E-045
   62.999999999998558        6.0567130257074633E-046
   63.049999999998555        3.3584327828075939E-046
   63.099999999998552        1.8596238632074942E-046
   63.149999999998549        1.0282608118118911E-046
   63.199999999998546        5.6776957295074417E-047
   63.249999999998543        3.1306356506695249E-047
   63.299999999998541        1.7237942975086850E-047
   63.349999999998538        9.4783287508632476E-048
   63.399999999998535        5.2044209804996867E-048
   63.449999999998532        2.8536998656226300E-048
   63.499999999998529        1.5625729126035259E-048
   63.549999999998526        8.5441585627581505E-049
   63.599999999998523        4.6654786160344853E-049
   63.649999999998521        2.5440279704600282E-049
   63.699999999998518        1.3853107643218413E-049
   63.749999999998515        7.5330881938545098E-050
   63.799999999998512        4.0907248938838974E-050
   63.849999999998509        2.2183482778028560E-050
   63.899999999998506        1.2013298686513577E-050
   63.949999999998504        6.4967888565826293E-051
   63.999999999998501        3.5086496468707253E-051
   64.049999999998505        1.8922863905403767E-051
   64.099999999998502        1.0191548320831958E-051
   64.149999999998499        5.4815166260202716E-052
   64.199999999998496        2.9442141087333288E-052
   64.249999999998494        1.5792356691702486E-052
   64.299999999998491        8.4592957933211902E-053
   64.349999999998488        4.5251397307870983E-053
   64.399999999998485        2.4173586800418989E-053
   64.449999999998482        1.2896216253928910E-053
   64.499999999998479        6.8706278096829649E-054
   64.549999999998477        3.6554784475857999E-054
   64.599999999998474        1.9422561376735257E-054
   64.649999999998471        1.0305854906680166E-054
   64.699999999998468        5.4610677373789742E-055
   64.749999999998465        2.8899337595411639E-055
   64.799999999998462        1.5272697896974095E-055
   64.849999999998460        8.0604992160131474E-056
   64.899999999998457        4.2484173952026739E-056
   64.949999999998454        2.2362081465143920E-056
   64.999999999998451        1.1754869860710451E-056
   65.049999999998448        6.1708461518240336E-057
   65.099999999998445        3.2351441905335976E-057
   65.149999999998442        1.6938124706370511E-057
   65.199999999998440        8.8564667908831497E-058
   65.249999999998437        4.6246607787034328E-058
   65.299999999998434        2.4117050735789262E-058
   65.349999999998431        1.2560130645822903E-058
   65.399999999998428        6.5326662737666796E-059
   65.449999999998425        3.3932343182109452E-059
   65.499999999998423        1.7602120667823063E-059
   65.549999999998420        9.1189450899403776E-060
   65.599999999998417        4.7179503403735701E-060
   65.649999999998414        2.4377657927891834E-060
   65.699999999998411        1.2579434762397911E-060
   65.749999999998408        6.4827831363597312E-061
   65.799999999998406        3.3365201895137976E-061
   65.849999999998403        1.7149781552502740E-061
   65.899999999998400        8.8035264052913201E-062
   65.949999999998397        4.5132424120109050E-062
   65.999999999998394        2.3107620409068118E-062
   66.049999999998391        1.1815633828305079E-062
   66.099999999998388        6.0338528340838520E-063
   66.149999999998386        3.0772936981279443E-063
   66.199999999998383        1.5674019206458981E-063
   66.249999999998380        7.9731446014524271E-064
   66.299999999998377        4.0505816170960945E-064
   66.349999999998374        2.0551534465149979E-064
   66.399999999998371        1.0413839369370723E-064
   66.449999999998369        5.2700881739492554E-065
   66.499999999998366        2.6635809657107288E-065
   66.549999999998363        1.3444837670063032E-065
   66.599999999998360        6.7777802468832006E-066
   66.649999999998357        3.4124184621773552E-066
   66.699999999998354        1.7158549641968753E-066
   66.749999999998352        8.6167396766889686E-067
   66.799999999998349        4.3216548890727256E-067
   66.849999999998346        2.1647238693260867E-067
   66.899999999998343        1.0829311814474471E-067
   66.949999999998340        5.4106032510110096E-068
   66.999999999998337        2.6998385552669038E-068
   67.049999999998334        1.3454810304317073E-068
   67.099999999998332        6.6967760464169552E-069
   67.149999999998329        3.3289152715495539E-069
   67.199999999998326        1.6526516336113056E-069
   67.249999999998323        8.1941843802731564E-070
   67.299999999998320        4.0580607415881014E-070
   67.349999999998317        2.0069664321777238E-070
   67.399999999998315        9.9036235613018672E-071
   67.449999999998312        4.8912717033633832E-071
   67.499999999998309        2.4335937209594965E-071
   67.549999999998306        1.1961105490987153E-071
   67.599999999998303        5.5669893497023466E-072
   67.649999999998300        2.7337451997748542E-072
   67.699999999998298        2.0127737797024023E-072
   67.749999999998295        0.0000000000000000     
   67.799999999998292        0.0000000000000000     
   67.849999999998289        0.0000000000000000     
   67.899999999998286        0.0000000000000000     
   67.949999999998283        0.0000000000000000     
   67.999999999998280        0.0000000000000000     
   68.049999999998278        0.0000000000000000     
   68.099999999998275        0.0000000000000000     
   68.149999999998272        0.0000000000000000     
   68.199999999998269        0.0000000000000000     
   68.249999999998266        0.0000000000000000     
   68.299999999998263        0.0000000000000000     
   68.349999999998261        0.0000000000000000     
   68.399999999998258        0.0000000000000000     
   68.449999999998255        0.0000000000000000     
   68.499999999998252        0.0000000000000000     
   68.549999999998249        0.0000000000000000     
   68.599999999998246        0.0000000000000000     
   68.649999999998244        0.0000000000000000     
   68.699999999998241        0.0000000000000000     
   68.749999999998238        0.0000000000000000     
   68.799999999998235        0.0000000000000000     
   68.849999999998232        0.0000000000000000     
   68.899999999998229        0.0000000000000000     
   68.949999999998226        0.0000000000000000     
   68.999999999998224        0.0000000000000000     
   69.049999999998221        0.0000000000000000     
   69.099999999998218        0.0000000000000000     
   69.149999999998215        0.0000000000000000     
   69.199999999998212        0.0000000000000000     
   69.249999999998209        0.0000000000000000     
   69.299999999998207        0.0000000000000000     
   69.349999999998204        0.0000000000000000     
   69.399999999998201        0.0000000000000000     
   69.449999999998198        0.0000000000000000     
   69.499999999998195        0.0000000000000000     
   69.549999999998192        0.0000000000000000     
   69.599999999998190        0.0000000000000000     
   69.649999999998187        0.0000000000000000     
   69.699999999998184        0.0000000000000000     
   69.749999999998181        0.0000000000000000     
   69.799999999998178        0.0000000000000000     
   69.849999999998175        0.0000000000000000     
   69.899999999998172        0.0000000000000000     
   69.949999999998170        0.0000000000000000     
   69.999999999998167        0.0000000000000000     
