   0.0000000000000000        0.0000000000000000     
   5.0000000000000003E-002   1.1841193195398995E-002
  0.10000000000000001        2.3726216226152189E-002
  0.15000000000000002        3.5697124684806229E-002
  0.20000000000000001        4.7792476859713794E-002
  0.25000000000000000        6.0045712888871630E-002
  0.29999999999999999        7.2483686592911281E-002
  0.34999999999999998        8.5125398947879613E-002
  0.39999999999999997        9.7980979096162296E-002
  0.44999999999999996       0.11105095355926883     
  0.49999999999999994       0.12432583645310538     
  0.54999999999999993       0.13778606284339737     
  0.59999999999999998       0.15140227411741425     
  0.65000000000000002       0.16513594899272033     
  0.70000000000000007       0.17894035750640597     
  0.75000000000000011       0.19276179926882575     
  0.80000000000000016       0.20654107278183073     
  0.85000000000000020       0.22021511101212954     
  0.90000000000000024       0.23371871074318418     
  0.95000000000000029       0.24698628019697597     
   1.0000000000000002       0.25995353125009413     
   1.0500000000000003       0.27255904901205757     
   1.1000000000000003       0.28474568189340610     
   1.1500000000000004       0.29646170853549686     
   1.2000000000000004       0.30766175287357689     
   1.2500000000000004       0.31830743388414467     
   1.3000000000000005       0.32836775104753840     
   1.3500000000000005       0.33781921926693126     
   1.4000000000000006       0.34664577723690909     
   1.4500000000000006       0.35483850066993239     
   1.5000000000000007       0.36239515628644103     
   1.5500000000000007       0.36931963422751146     
   1.6000000000000008       0.37562129592183735     
   1.6500000000000008       0.38131427191464640     
   1.7000000000000008       0.38641674027862161     
   1.7500000000000009       0.39095021150119147     
   1.8000000000000009       0.39493884065125551     
   1.8500000000000010       0.39840878256311352     
   1.9000000000000010       0.40138760103336507     
   1.9500000000000011       0.40390373880996322     
   2.0000000000000009       0.40598605157664369     
   2.0500000000000007       0.40766340624285669     
   2.1000000000000005       0.40896434162499423     
   2.1500000000000004       0.40991678799547704     
   2.2000000000000002       0.41054784090423019     
   2.2500000000000000       0.41088358405286962     
   2.2999999999999998       0.41094895573454787     
   2.3499999999999996       0.41076765335620219     
   2.3999999999999995       0.41036207075887543     
   2.4499999999999993       0.40975326338162799     
   2.4999999999999991       0.40896093672347783     
   2.5499999999999989       0.40800345400574717     
   2.5999999999999988       0.40689785939461731     
   2.6499999999999986       0.40565991358996745     
   2.6999999999999984       0.40430413900823992     
   2.7499999999999982       0.40284387217623124     
   2.7999999999999980       0.40129132130554773     
   2.8499999999999979       0.39965762733305904     
   2.8999999999999977       0.39795292699201740     
   2.9499999999999975       0.39618641672373212     
   2.9999999999999973       0.39436641645356613     
   3.0499999999999972       0.39250043244057753     
   3.0999999999999970       0.39059521857037455     
   3.1499999999999968       0.38865683559856390     
   3.1999999999999966       0.38669070797018812     
   3.2499999999999964       0.38470167794115201     
   3.2999999999999963       0.38269405681295443     
   3.3499999999999961       0.38067167316394657     
   3.3999999999999959       0.37863791802048385     
   3.4499999999999957       0.37659578696118678     
   3.4999999999999956       0.37454791918836416     
   3.5499999999999954       0.37249663363362229     
   3.5999999999999952       0.37044396219080150     
   3.6499999999999950       0.36839168018955498     
   3.6999999999999948       0.36634133423792092     
   3.7499999999999947       0.36429426757286498     
   3.7999999999999945       0.36225164306463636     
   3.8499999999999943       0.36021446402446572     
   3.8999999999999941       0.35818359296615737     
   3.9499999999999940       0.35615976847095360     
   3.9999999999999938       0.35414362030208446     
   4.0499999999999936       0.35213568291102326     
   4.0999999999999934       0.35013640747196434     
   4.1499999999999932       0.34814617257470015     
   4.1999999999999931       0.34616529369914056     
   4.2499999999999929       0.34419403158739015     
   4.2999999999999927       0.34223259962175773     
   4.3499999999999925       0.34028117030945676     
   4.3999999999999924       0.33833988096719197     
   4.4499999999999922       0.33640883869140997     
   4.4999999999999920       0.33448812469280204     
   4.5499999999999918       0.33257779806674254     
   4.5999999999999917       0.33067789906477613     
   4.6499999999999915       0.32878845192605927     
   4.6999999999999913       0.32690946732183984     
   4.7499999999999911       0.32504094446063242     
   4.7999999999999909       0.32318287289672054     
   4.8499999999999908       0.32133523407998532     
   4.8999999999999906       0.31949800268081618     
   4.9499999999999904       0.31767114771998711     
   4.9999999999999902       0.31585463352986887     
   5.0499999999999901       0.31404842057017096     
   5.0999999999999899       0.31225246611855018     
   5.1499999999999897       0.31046672485386190     
   5.1999999999999895       0.30869114934754377     
   5.2499999999999893       0.30692569047659013     
   5.2999999999999892       0.30517029776977483     
   5.3499999999999890       0.30342491969719154     
   5.3999999999999888       0.30168950391178295     
   5.4499999999999886       0.29996399745030622     
   5.4999999999999885       0.29824834690011154     
   5.5499999999999883       0.29654249853718101     
   5.5999999999999881       0.29484639844006483     
   5.6499999999999879       0.29315999258365516     
   5.6999999999999877       0.29148322691613399     
   5.7499999999999876       0.28981604742191353     
   5.7999999999999874       0.28815840017294475     
   5.8499999999999872       0.28651023137038889     
   5.8999999999999870       0.28487148737832518     
   5.9499999999999869       0.28324211475089278     
   5.9999999999999867       0.28162206025403258     
   6.0499999999999865       0.28001127088279881     
   6.0999999999999863       0.27840969387504455     
   6.1499999999999861       0.27681727672214679     
   6.1999999999999860       0.27523396717732057     
   6.2499999999999858       0.27365971326197408     
   6.2999999999999856       0.27209446327047676     
   6.3499999999999854       0.27053816577364426     
   6.3999999999999853       0.26899076962118917     
   6.4499999999999851       0.26745222394334051     
   6.4999999999999849       0.26592247815179637     
   6.5499999999999847       0.26440148194014418     
   6.5999999999999845       0.26288918528385630     
   6.6499999999999844       0.26138553843994861     
   6.6999999999999842       0.25989049194637248     
   6.7499999999999840       0.25840399662119673     
   6.7999999999999838       0.25692600356162498     
   6.8499999999999837       0.25545646414288442     
   6.8999999999999835       0.25399533001701519     
   6.9499999999999833       0.25254255311158330     
   6.9999999999999831       0.25109808562833513     
   7.0499999999999829       0.24966188004180853     
   7.0999999999999828       0.24823388909791139     
   7.1499999999999826       0.24681406581247681     
   7.1999999999999824       0.24540236346980235     
   7.2499999999999822       0.24399873562117824     
   7.2999999999999821       0.24260313608340947     
   7.3499999999999819       0.24121551893733481     
   7.3999999999999817       0.23983583852634541     
   7.4499999999999815       0.23846404945490512     
   7.4999999999999813       0.23710010658707412     
   7.5499999999999812       0.23574396504503672     
   7.5999999999999810       0.23439558020763485     
   7.6499999999999808       0.23305490770890724     
   7.6999999999999806       0.23172190343663543     
   7.7499999999999805       0.23039652353089654     
   7.7999999999999803       0.22907872438262344     
   7.8499999999999801       0.22776846263217229     
   7.8999999999999799       0.22646569516789763     
   7.9499999999999797       0.22517037912473528     
   7.9999999999999796       0.22388247188279298     
   8.0499999999999794       0.22260193106594872     
   8.0999999999999801       0.22132871454045713     
   8.1499999999999808       0.22006278041356347     
   8.1999999999999815       0.21880408703212559     
   8.2499999999999822       0.21755259298124355     
   8.2999999999999829       0.21630825708289722     
   8.3499999999999837       0.21507103839459149     
   8.3999999999999844       0.21384089620800917     
   8.4499999999999851       0.21261779004767170     
   8.4999999999999858       0.21140167966960735     
   8.5499999999999865       0.21019252506002722     
   8.5999999999999872       0.20899028643400858     
   8.6499999999999879       0.20779492423418583     
   8.6999999999999886       0.20660639912944911     
   8.7499999999999893       0.20542467201365003     
   8.7999999999999901       0.20424970400431500     
   8.8499999999999908       0.20308145644136594     
   8.8999999999999915       0.20191989088584822     
   8.9499999999999922       0.20076496911866590     
   8.9999999999999929       0.19961665313932417     
   9.0499999999999936       0.19847490516467906     
   9.0999999999999943       0.19733968762769424     
   9.1499999999999950       0.19621096317620498     
   9.1999999999999957       0.19508869467168910     
   9.2499999999999964       0.19397284518804503     
   9.2999999999999972       0.19286337801037684     
   9.3499999999999979       0.19176025663378615     
   9.3999999999999986       0.19066344476217109     
   9.4499999999999993       0.18957290630703197     
   9.5000000000000000       0.18848860538628387     
   9.5500000000000007       0.18741050632307607     
   9.6000000000000014       0.18633857364461809     
   9.6500000000000021       0.18527277208101256     
   9.7000000000000028       0.18421306656409478     
   9.7500000000000036       0.18315942222627876     
   9.8000000000000043       0.18211180439941010     
   9.8500000000000050       0.18107017861362518     
   9.9000000000000057       0.18003451059621703     
   9.9500000000000064       0.17900476627050774     
   10.000000000000007       0.17798091175472711     
   10.050000000000008       0.17696291336089789     
   10.100000000000009       0.17595073759372734     
   10.150000000000009       0.17494435114950516     
   10.200000000000010       0.17394372091500759     
   10.250000000000011       0.17294881396640804     
   10.300000000000011       0.17195959756819368     
   10.350000000000012       0.17097603917208834     
   10.400000000000013       0.16999810641598165     
   10.450000000000014       0.16902576712286413     
   10.500000000000014       0.16805898929976856     
   10.550000000000015       0.16709774113671724     
   10.600000000000016       0.16614199100567539     
   10.650000000000016       0.16519170745951048     
   10.700000000000017       0.16424685923095747     
   10.750000000000018       0.16330741523159012     
   10.800000000000018       0.16237334455079799     
   10.850000000000019       0.16144461645476943     
   10.900000000000020       0.16052120038548034     
   10.950000000000021       0.15960306595968873     
   11.000000000000021       0.15869018296793500     
   11.050000000000022       0.15778252137354792     
   11.100000000000023       0.15688005131165642     
   11.150000000000023       0.15598274308820684     
   11.200000000000024       0.15509056717898598     
   11.250000000000025       0.15420349422864965     
   11.300000000000026       0.15332149504975676     
   11.350000000000026       0.15244454062180895     
   11.400000000000027       0.15157260209029583     
   11.450000000000028       0.15070565076574541     
   11.500000000000028       0.14984365812278028     
   11.550000000000029       0.14898659579917894     
   11.600000000000030       0.14813443559494269     
   11.650000000000031       0.14728714947136765     
   11.700000000000031       0.14644470955012226     
   11.750000000000032       0.14560708811233000     
   11.800000000000033       0.14477425759765736     
   11.850000000000033       0.14394619060340699     
   11.900000000000034       0.14312285988361609     
   11.950000000000035       0.14230423834815989     
   12.000000000000036       0.14149029906186039     
   12.050000000000036       0.14068101524359999     
   12.100000000000037       0.13987636026544045     
   12.150000000000038       0.13907630765174661     
   12.200000000000038       0.13828083107831537     
   12.250000000000039       0.13748990437150946     
   12.300000000000040       0.13670350150739627     
   12.350000000000041       0.13592159661089162     
   12.400000000000041       0.13514416395490836     
   12.450000000000042       0.13437117795950987     
   12.500000000000043       0.13360261319106842     
   12.550000000000043       0.13283844436142828     
   12.600000000000044       0.13207864632707370     
   12.650000000000045       0.13132319408830159     
   12.700000000000045       0.13057206278839897     
   12.750000000000046       0.12982522771282512     
   12.800000000000047       0.12908266428839835     
   12.850000000000048       0.12834434808248751     
   12.900000000000048       0.12761025480220806     
   12.950000000000049       0.12688036029362273     
   13.000000000000050       0.12615464054094688     
   13.050000000000050       0.12543307166575818     
   13.100000000000051       0.12471562992621099     
   13.150000000000052       0.12400229171625524     
   13.200000000000053       0.12329303356485961     
   13.250000000000053       0.12258783213523937     
   13.300000000000054       0.12188666422408841     
   13.350000000000055       0.12118950676081587     
   13.400000000000055       0.12049633680678702     
   13.450000000000056       0.11980713155456851     
   13.500000000000057       0.11912186832717793     
   13.550000000000058       0.11844052457733764     
   13.600000000000058       0.11776307788673294     
   13.650000000000059       0.11708950596527444     
   13.700000000000060       0.11641978665036461     
   13.750000000000060       0.11575389790616857     
   13.800000000000061       0.11509181782288906     
   13.850000000000062       0.11443352461604556     
   13.900000000000063       0.11377899662575743     
   13.950000000000063       0.11312821231603133     
   14.000000000000064       0.11248115027405259     
   14.050000000000065       0.11183778920948062     
   14.100000000000065       0.11119810795374843     
   14.150000000000066       0.11056208545936611     
   14.200000000000067       0.10992970079922831     
   14.250000000000068       0.10930093316592568     
   14.300000000000068       0.10867576187106019     
   14.350000000000069       0.10805416634456450     
   14.400000000000070       0.10743612613402506     
   14.450000000000070       0.10682162090400925     
   14.500000000000071       0.10621063043539618     
   14.550000000000072       0.10560313462471151     
   14.600000000000072       0.10499911348346591     
   14.650000000000073       0.10439854713749745     
   14.700000000000074       0.10380141582631761     
   14.750000000000075       0.10320769990246112     
   14.800000000000075       0.10261737983083954     
   14.850000000000076       0.10203043618809846     
   14.900000000000077       0.10144684966197838     
   14.950000000000077       0.10086660105067934     
   15.000000000000078       0.10028967126222907     
   15.050000000000079        9.9716041313854836E-002
   15.100000000000080        9.9145692331358851E-002
   15.150000000000080        9.8578605548497233E-002
   15.200000000000081        9.8014762306362538E-002
   15.250000000000082        9.7454144052769850E-002
   15.300000000000082        9.6896732341646336E-002
   15.350000000000083        9.6342508832424317E-002
   15.400000000000084        9.5791455289437805E-002
   15.450000000000085        9.5243553581322499E-002
   15.500000000000085        9.4698785680419215E-002
   15.550000000000086        9.4157133662180689E-002
   15.600000000000087        9.3618579704581845E-002
   15.650000000000087        9.3083106087533354E-002
   15.700000000000088        9.2550695192298638E-002
   15.750000000000089        9.2021329500914101E-002
   15.800000000000090        9.1494991595612779E-002
   15.850000000000090        9.0971664158251211E-002
   15.900000000000091        9.0451329969739661E-002
   15.950000000000092        8.9933971909475510E-002
   16.000000000000092        8.9419572954779952E-002
   16.050000000000093        8.8908116180337907E-002
   16.100000000000094        8.8399584757641106E-002
   16.150000000000095        8.7893961954434399E-002
   16.200000000000095        8.7391231134165206E-002
   16.250000000000096        8.6891375755436123E-002
   16.300000000000097        8.6394379371460647E-002
   16.350000000000097        8.5900225629522056E-002
   16.400000000000098        8.5408898270435310E-002
   16.450000000000099        8.4920381128012118E-002
   16.500000000000099        8.4434658128528989E-002
   16.550000000000100        8.3951713290198376E-002
   16.600000000000101        8.3471530722642823E-002
   16.650000000000102        8.2994094626372097E-002
   16.700000000000102        8.2519389292263379E-002
   16.750000000000103        8.2047399101044360E-002
   16.800000000000104        8.1578108522779302E-002
   16.850000000000104        8.1111502116358106E-002
   16.900000000000105        8.0647564528988192E-002
   16.950000000000106        8.0186280495689377E-002
   17.000000000000107        7.9727634838791625E-002
   17.050000000000107        7.9271612467435623E-002
   17.100000000000108        7.8818198377076265E-002
   17.150000000000109        7.8367377648988934E-002
   17.200000000000109        7.7919135449778659E-002
   17.250000000000110        7.7473457030892048E-002
   17.300000000000111        7.7030327728131967E-002
   17.350000000000112        7.6589732961175119E-002
   17.400000000000112        7.6151658233092237E-002
   17.450000000000113        7.5716089129871142E-002
   17.500000000000114        7.5283011319942444E-002
   17.550000000000114        7.4852410553707990E-002
   17.600000000000115        7.4424272663072041E-002
   17.650000000000116        7.3998583560975065E-002
   17.700000000000117        7.3575329240930229E-002
   17.750000000000117        7.3154495776562564E-002
   17.800000000000118        7.2736069321150745E-002
   17.850000000000119        7.2320036107171456E-002
   17.900000000000119        7.1906382445846434E-002
   17.950000000000120        7.1495094726692035E-002
   18.000000000000121        7.1086159417071443E-002
   18.050000000000122        7.0679563061749370E-002
   18.100000000000122        7.0275292282449373E-002
   18.150000000000123        6.9873333777413615E-002
   18.200000000000124        6.9473674320965254E-002
   18.250000000000124        6.9076300763073237E-002
   18.300000000000125        6.8681200028919628E-002
   18.350000000000126        6.8288359118469436E-002
   18.400000000000126        6.7897765106042840E-002
   18.450000000000127        6.7509405139889914E-002
   18.500000000000128        6.7123266441767748E-002
   18.550000000000129        6.6739336306520014E-002
   18.600000000000129        6.6357602101658947E-002
   18.650000000000130        6.5978051266949653E-002
   18.700000000000131        6.5600671313996869E-002
   18.750000000000131        6.5225449825834059E-002
   18.800000000000132        6.4852374456514830E-002
   18.850000000000133        6.4481432930706753E-002
   18.900000000000134        6.4112613043287428E-002
   18.950000000000134        6.3745902658942921E-002
   19.000000000000135        6.3381289711768457E-002
   19.050000000000136        6.3018762204871445E-002
   19.100000000000136        6.2658308209976699E-002
   19.150000000000137        6.2299915867034011E-002
   19.200000000000138        6.1943573383827867E-002
   19.250000000000139        6.1589269035589492E-002
   19.300000000000139        6.1236991164611038E-002
   19.350000000000140        6.0886728179862022E-002
   19.400000000000141        6.0538468556607945E-002
   19.450000000000141        6.0192200836031093E-002
   19.500000000000142        5.9847913624853505E-002
   19.550000000000143        5.9505595594962095E-002
   19.600000000000144        5.9165235483035934E-002
   19.650000000000144        5.8826822090175639E-002
   19.700000000000145        5.8490344281534892E-002
   19.750000000000146        5.8155790985954095E-002
   19.800000000000146        5.7823151195596056E-002
   19.850000000000147        5.7492413965583834E-002
   19.900000000000148        5.7163568413640592E-002
   19.950000000000149        5.6836603719731552E-002
   20.000000000000149        5.6511509125707973E-002
   20.050000000000150        5.6188273934953181E-002
   20.100000000000151        5.5866887512030616E-002
   20.150000000000151        5.5547339282333894E-002
   20.200000000000152        5.5229618731738858E-002
   20.250000000000153        5.4913715406257654E-002
   20.300000000000153        5.4599618911694743E-002
   20.350000000000154        5.4287318913304905E-002
   20.400000000000155        5.3976805135453193E-002
   20.450000000000156        5.3668067361276849E-002
   20.500000000000156        5.3361095432349105E-002
   20.550000000000157        5.3055879248344970E-002
   20.600000000000158        5.2752408766708885E-002
   20.650000000000158        5.2450674002324289E-002
   20.700000000000159        5.2150665027185086E-002
   20.750000000000160        5.1852371970068978E-002
   20.800000000000161        5.1555785016212670E-002
   20.850000000000161        5.1260894406988937E-002
   20.900000000000162        5.0967690439585531E-002
   20.950000000000163        5.0676163466685936E-002
   21.000000000000163        5.0386303896151938E-002
   21.050000000000164        5.0098102190708010E-002
   21.100000000000165        4.9811548867627509E-002
   21.150000000000166        4.9526634498420666E-002
   21.200000000000166        4.9243349708524356E-002
   21.250000000000167        4.8961685176993654E-002
   21.300000000000168        4.8681631636195141E-002
   21.350000000000168        4.8403179871501972E-002
   21.400000000000169        4.8126320720990677E-002
   21.450000000000170        4.7851045075139723E-002
   21.500000000000171        4.7577343876529767E-002
   21.550000000000171        4.7305208119545646E-002
   21.600000000000172        4.7034628850080064E-002
   21.650000000000173        4.6765597165238981E-002
   21.700000000000173        4.6498104213048667E-002
   21.750000000000174        4.6232141192164448E-002
   21.800000000000175        4.5967699351581119E-002
   21.850000000000176        4.5704769990345014E-002
   21.900000000000176        4.5443344457267706E-002
   21.950000000000177        4.5183414150641359E-002
   22.000000000000178        4.4924970517955708E-002
   22.050000000000178        4.4668005055616654E-002
   22.100000000000179        4.4412509308666477E-002
   22.150000000000180        4.4158474870505629E-002
   22.200000000000180        4.3905893382616135E-002
   22.250000000000181        4.3654756534286576E-002
   22.300000000000182        4.3405056062338646E-002
   22.350000000000183        4.3156783750855243E-002
   22.400000000000183        4.2909931430910167E-002
   22.450000000000184        4.2664490980299327E-002
   22.500000000000185        4.2420454323273502E-002
   22.550000000000185        4.2177813430272604E-002
   22.600000000000186        4.1936560317661506E-002
   22.650000000000187        4.1696687047467339E-002
   22.700000000000188        4.1458185727118312E-002
   22.750000000000188        4.1221048509184025E-002
   22.800000000000189        4.0985267591117258E-002
   22.850000000000190        4.0750835214997262E-002
   22.900000000000190        4.0517743667274467E-002
   22.950000000000191        4.0285985278516713E-002
   23.000000000000192        4.0055552423156879E-002
   23.050000000000193        3.9826437519242003E-002
   23.100000000000193        3.9598633028183783E-002
   23.150000000000194        3.9372131454510559E-002
   23.200000000000195        3.9146925345620670E-002
   23.250000000000195        3.8923007291537262E-002
   23.300000000000196        3.8700369924664448E-002
   23.350000000000197        3.8479005919544923E-002
   23.400000000000198        3.8258907992618912E-002
   23.450000000000198        3.8040068901984518E-002
   23.500000000000199        3.7822481447159460E-002
   23.550000000000200        3.7606138468844134E-002
   23.600000000000200        3.7391032848686064E-002
   23.650000000000201        3.7177157509045676E-002
   23.700000000000202        3.6964505412763429E-002
   23.750000000000203        3.6753069562928266E-002
   23.800000000000203        3.6542843002647402E-002
   23.850000000000204        3.6333818814817412E-002
   23.900000000000205        3.6125990121896635E-002
   23.950000000000205        3.5919350085678890E-002
   24.000000000000206        3.5713891907068480E-002
   24.050000000000207        3.5509608825856465E-002
   24.100000000000207        3.5306494120498251E-002
   24.150000000000208        3.5104541107892406E-002
   24.200000000000209        3.4903743143160797E-002
   24.250000000000210        3.4704093619429922E-002
   24.300000000000210        3.4505585967613543E-002
   24.350000000000211        3.4308213656196525E-002
   24.400000000000212        3.4111970191019955E-002
   24.450000000000212        3.3916849115067448E-002
   24.500000000000213        3.3722844008252678E-002
   24.550000000000214        3.3529948487208174E-002
   24.600000000000215        3.3338156205075242E-002
   24.650000000000215        3.3147460851295177E-002
   24.700000000000216        3.2957856151401593E-002
   24.750000000000217        3.2769335866813992E-002
   24.800000000000217        3.2581893794632492E-002
   24.850000000000218        3.2395523767433723E-002
   24.900000000000219        3.2210219653067917E-002
   24.950000000000220        3.2025975354457135E-002
   25.000000000000220        3.1842784809394634E-002
   25.050000000000221        3.1660641990345434E-002
   25.100000000000222        3.1479540904247975E-002
   25.150000000000222        3.1299475592316925E-002
   25.200000000000223        3.1120440129847129E-002
   25.250000000000224        3.0942428626018658E-002
   25.300000000000225        3.0765435223702987E-002
   25.350000000000225        3.0589454099270275E-002
   25.400000000000226        3.0414479462397753E-002
   25.450000000000227        3.0240505555879205E-002
   25.500000000000227        3.0067526655435529E-002
   25.550000000000228        2.9895537069526405E-002
   25.600000000000229        2.9724531139163013E-002
   25.650000000000230        2.9554503237721842E-002
   25.700000000000230        2.9385447770759555E-002
   25.750000000000231        2.9217359175828916E-002
   25.800000000000232        2.9050231922295760E-002
   25.850000000000232        2.8884060511157029E-002
   25.900000000000233        2.8718839474859835E-002
   25.950000000000234        2.8554563377121558E-002
   26.000000000000234        2.8391226812750969E-002
   26.050000000000235        2.8228824407470401E-002
   26.100000000000236        2.8067350817738902E-002
   26.150000000000237        2.7906800730576421E-002
   26.200000000000237        2.7747168863388998E-002
   26.250000000000238        2.7588449963794944E-002
   26.300000000000239        2.7430638809452026E-002
   26.350000000000239        2.7273730207885639E-002
   26.400000000000240        2.7117718996317947E-002
   26.450000000000241        2.6962600041498020E-002
   26.500000000000242        2.6808368239532934E-002
   26.550000000000242        2.6655018515719830E-002
   26.600000000000243        2.6502545824378953E-002
   26.650000000000244        2.6350945148687622E-002
   26.700000000000244        2.6200211500515165E-002
   26.750000000000245        2.6050339920258795E-002
   26.800000000000246        2.5901325476680424E-002
   26.850000000000247        2.5753163266744410E-002
   26.900000000000247        2.5605848415456232E-002
   26.950000000000248        2.5459376075702082E-002
   27.000000000000249        2.5313741428089388E-002
   27.050000000000249        2.5168939680788236E-002
   27.100000000000250        2.5024966069373711E-002
   27.150000000000251        2.4881815856669123E-002
   27.200000000000252        2.4739484332590145E-002
   27.250000000000252        2.4597966813989836E-002
   27.300000000000253        2.4457258644504550E-002
   27.350000000000254        2.4317355194400727E-002
   27.400000000000254        2.4178251860422561E-002
   27.450000000000255        2.4039944065640539E-002
   27.500000000000256        2.3902427259300849E-002
   27.550000000000257        2.3765696916675641E-002
   27.600000000000257        2.3629748538914148E-002
   27.650000000000258        2.3494577652894668E-002
   27.700000000000259        2.3360179811077377E-002
   27.750000000000259        2.3226550591357992E-002
   27.800000000000260        2.3093685596922278E-002
   27.850000000000261        2.2961580456101371E-002
   27.900000000000261        2.2830230822227935E-002
   27.950000000000262        2.2699632373493150E-002
   28.000000000000263        2.2569780812804512E-002
   28.050000000000264        2.2440671867644434E-002
   28.100000000000264        2.2312301289929677E-002
   28.150000000000265        2.2184664855871578E-002
   28.200000000000266        2.2057758365837062E-002
   28.250000000000266        2.1931577644210470E-002
   28.300000000000267        2.1806118539256167E-002
   28.350000000000268        2.1681376922981933E-002
   28.400000000000269        2.1557348691003148E-002
   28.450000000000269        2.1434029762407738E-002
   28.500000000000270        2.1311416079621903E-002
   28.550000000000271        2.1189503608276601E-002
   28.600000000000271        2.1068288337074824E-002
   28.650000000000272        2.0947766277659600E-002
   28.700000000000273        2.0827933464482761E-002
   28.750000000000274        2.0708785954674479E-002
   28.800000000000274        2.0590319827913515E-002
   28.850000000000275        2.0472531186298246E-002
   28.900000000000276        2.0355416154218400E-002
   28.950000000000276        2.0238970878227538E-002
   29.000000000000277        2.0123191526916270E-002
   29.050000000000278        2.0008074290786181E-002
   29.100000000000279        1.9893615382124499E-002
   29.150000000000279        1.9779811034879451E-002
   29.200000000000280        1.9666657504536365E-002
   29.250000000000281        1.9554151067994446E-002
   29.300000000000281        1.9442288023444297E-002
   29.350000000000282        1.9331064690246098E-002
   29.400000000000283        1.9220477408808508E-002
   29.450000000000284        1.9110522540468258E-002
   29.500000000000284        1.9001196467370425E-002
   29.550000000000285        1.8892495592349390E-002
   29.600000000000286        1.8784416338810481E-002
   29.650000000000286        1.8676955150612299E-002
   29.700000000000287        1.8570108491949698E-002
   29.750000000000288        1.8463872847237457E-002
   29.800000000000288        1.8358244720994600E-002
   29.850000000000289        1.8253220637729387E-002
   29.900000000000290        1.8148797141824956E-002
   29.950000000000291        1.8044970797425629E-002
   30.000000000000291        1.7941738188323855E-002
   30.050000000000292        1.7839095917847807E-002
   30.100000000000293        1.7737040608749630E-002
   30.150000000000293        1.7635568903094305E-002
   30.200000000000294        1.7534677462149172E-002
   30.250000000000295        1.7434362966274073E-002
   30.300000000000296        1.7334622114812126E-002
   30.350000000000296        1.7235451625981120E-002
   30.400000000000297        1.7136848236765541E-002
   30.450000000000298        1.7038808702809202E-002
   30.500000000000298        1.6941329798308497E-002
   30.550000000000299        1.6844408315906265E-002
   30.600000000000300        1.6748041066586249E-002
   30.650000000000301        1.6652224879568172E-002
   30.700000000000301        1.6556956602203417E-002
   30.750000000000302        1.6462233099871281E-002
   30.800000000000303        1.6368051255875843E-002
   30.850000000000303        1.6274407971343420E-002
   30.900000000000304        1.6181300165120597E-002
   30.950000000000305        1.6088724773672847E-002
   31.000000000000306        1.5996678750983737E-002
   31.050000000000306        1.5905159068454702E-002
   31.100000000000307        1.5814162714805395E-002
   31.150000000000308        1.5723686695974605E-002
   31.200000000000308        1.5633728035021745E-002
   31.250000000000309        1.5544283772028902E-002
   31.300000000000310        1.5455350964003441E-002
   31.350000000000311        1.5366926684781181E-002
   31.400000000000311        1.5279008024930107E-002
   31.450000000000312        1.5191592091654642E-002
   31.500000000000313        1.5104676008700474E-002
   31.550000000000313        1.5018256916259902E-002
   31.600000000000314        1.4932331970877755E-002
   31.650000000000315        1.4846898345357823E-002
   31.700000000000315        1.4761953228669841E-002
   31.750000000000316        1.4677493825856994E-002
   31.800000000000317        1.4593517357943949E-002
   31.850000000000318        1.4510021061845431E-002
   31.900000000000318        1.4427002190275297E-002
   31.950000000000319        1.4344458011656146E-002
   32.000000000000320        1.4262385810029442E-002
   32.050000000000317        1.4180782884966152E-002
   32.100000000000314        1.4099646551477893E-002
   32.150000000000311        1.4018974139928583E-002
   32.200000000000308        1.3938762995946607E-002
   32.250000000000306        1.3859010480337480E-002
   32.300000000000303        1.3779713968997005E-002
   32.350000000000300        1.3700870852824936E-002
   32.400000000000297        1.3622478537639128E-002
   32.450000000000294        1.3544534444090182E-002
   32.500000000000291        1.3467036007576576E-002
   32.550000000000288        1.3389980678160282E-002
   32.600000000000286        1.3313365920482862E-002
   32.650000000000283        1.3237189213682055E-002
   32.700000000000280        1.3161448051308819E-002
   32.750000000000277        1.3086139941244879E-002
   32.800000000000274        1.3011262405620711E-002
   32.850000000000271        1.2936812980734028E-002
   32.900000000000269        1.2862789216968701E-002
   32.950000000000266        1.2789188678714173E-002
   33.000000000000263        1.2716008944285314E-002
   33.050000000000260        1.2643247605842737E-002
   33.100000000000257        1.2570902269313577E-002
   33.150000000000254        1.2498970554312717E-002
   33.200000000000252        1.2427450094064469E-002
   33.250000000000249        1.2356338535324694E-002
   33.300000000000246        1.2285633538303376E-002
   33.350000000000243        1.2215332776587640E-002
   33.400000000000240        1.2145433937065197E-002
   33.450000000000237        1.2075934719848242E-002
   33.500000000000234        1.2006832838197779E-002
   33.550000000000232        1.1938126018448379E-002
   33.600000000000229        1.1869811999933370E-002
   33.650000000000226        1.1801888534910454E-002
   33.700000000000223        1.1734353388487754E-002
   33.750000000000220        1.1667204338550268E-002
   33.800000000000217        1.1600439175686768E-002
   33.850000000000215        1.1534055703117092E-002
   33.900000000000212        1.1468051736619869E-002
   33.950000000000209        1.1402425104460653E-002
   34.000000000000206        1.1337173647320462E-002
   34.050000000000203        1.1272295218224730E-002
   34.100000000000200        1.1207787682472669E-002
   34.150000000000198        1.1143648917567027E-002
   34.200000000000195        1.1079876813144251E-002
   34.250000000000192        1.1016469270905051E-002
   34.300000000000189        1.0953424204545363E-002
   34.350000000000186        1.0890739539687696E-002
   34.400000000000183        1.0828413213812881E-002
   34.450000000000180        1.0766443176192212E-002
   34.500000000000178        1.0704827387819967E-002
   34.550000000000175        1.0643563821346317E-002
   34.600000000000172        1.0582650461010623E-002
   34.650000000000169        1.0522085302575108E-002
   34.700000000000166        1.0461866353258917E-002
   34.750000000000163        1.0401991631672543E-002
   34.800000000000161        1.0342459167752636E-002
   34.850000000000158        1.0283267002697178E-002
   34.900000000000155        1.0224413188901037E-002
   34.950000000000152        1.0165895789891884E-002
   35.000000000000149        1.0107712880266476E-002
   35.050000000000146        1.0049862545627300E-002
   35.100000000000144        9.9923428825195934E-003
   35.150000000000141        9.9351519983687051E-003
   35.200000000000138        9.8782880114178292E-003
   35.250000000000135        9.8217490506660888E-003
   35.300000000000132        9.7655332558069692E-003
   35.350000000000129        9.7096387771671167E-003
   35.400000000000126        9.6540637756454706E-003
   35.450000000000124        9.5988064226527562E-003
   35.500000000000121        9.5438649000513173E-003
   35.550000000000118        9.4892374000952930E-003
   35.600000000000115        9.4349221253711389E-003
   35.650000000000112        9.3809172887384818E-003
   35.700000000000109        9.3272211132713247E-003
   35.750000000000107        9.2738318321995764E-003
   35.800000000000104        9.2207476888509169E-003
   35.850000000000101        9.1679669365930042E-003
   35.900000000000098        9.1154878387759968E-003
   35.950000000000095        9.0633086686754179E-003
   36.000000000000092        9.0114277094353393E-003
   36.050000000000090        8.9598432540118917E-003
   36.100000000000087        8.9085536051170984E-003
   36.150000000000084        8.8575570751630271E-003
   36.200000000000081        8.8068519862062634E-003
   36.250000000000078        8.7564366698927067E-003
   36.300000000000075        8.7063094674026658E-003
   36.350000000000072        8.6564687293962887E-003
   36.400000000000070        8.6069128159592893E-003
   36.450000000000067        8.5576400965489893E-003
   36.500000000000064        8.5086489499406701E-003
   36.550000000000061        8.4599377641742263E-003
   36.600000000000058        8.4115049365011303E-003
   36.650000000000055        8.3633488733316948E-003
   36.700000000000053        8.3154679901826425E-003
   36.750000000000050        8.2678607116249674E-003
   36.800000000000047        8.2205254712321013E-003
   36.850000000000044        8.1734607115283697E-003
   36.900000000000041        8.1266648839377498E-003
   36.950000000000038        8.0801364487329171E-003
   37.000000000000036        8.0338738749845817E-003
   37.050000000000033        7.9878756405111166E-003
   37.100000000000030        7.9421402318284751E-003
   37.150000000000027        7.8966661441003932E-003
   37.200000000000024        7.8514518810888691E-003
   37.250000000000021        7.8064959551049397E-003
   37.300000000000018        7.7617968869597275E-003
   37.350000000000016        7.7173532059157720E-003
   37.400000000000013        7.6731634496386382E-003
   37.450000000000010        7.6292261641487998E-003
   37.500000000000007        7.5855399037737985E-003
   37.550000000000004        7.5421032311006799E-003
   37.600000000000001        7.4989147169286950E-003
   37.649999999999999        7.4559729402222767E-003
   37.699999999999996        7.4132764880642825E-003
   37.749999999999993        7.3708239556095068E-003
   37.799999999999990        7.3286139460384536E-003
   37.849999999999987        7.2866450705113819E-003
   37.899999999999984        7.2449159481226041E-003
   37.949999999999982        7.2034252058550512E-003
   37.999999999999979        7.1621714785350989E-003
   38.049999999999976        7.1211534087876451E-003
   38.099999999999973        7.0803696469914513E-003
   38.149999999999970        7.0398188512347335E-003
   38.199999999999967        6.9994996872710111E-003
   38.249999999999964        6.9594108284752052E-003
   38.299999999999962        6.9195509557999878E-003
   38.349999999999959        6.8799187577323817E-003
   38.399999999999956        6.8405129302506092E-003
   38.449999999999953        6.8013321767811837E-003
   38.499999999999950        6.7623752081562485E-003
   38.549999999999947        6.7236407425711603E-003
   38.599999999999945        6.6851275055423137E-003
   38.649999999999942        6.6468342298652049E-003
   38.699999999999939        6.6087596555727398E-003
   38.749999999999936        6.5709025298937756E-003
   38.799999999999933        6.5332616072119000E-003
   38.849999999999930        6.4958356490244472E-003
   38.899999999999928        6.4586234239017480E-003
   38.949999999999925        6.4216237074466121E-003
   38.999999999999922        6.3848352822540397E-003
   39.049999999999919        6.3482569378711671E-003
   39.099999999999916        6.3118874707574386E-003
   39.149999999999913        6.2757256842450055E-003
   39.199999999999910        6.2397703884993537E-003
   39.249999999999908        6.2040204004801518E-003
   39.299999999999905        6.1684745439023279E-003
   39.349999999999902        6.1331316491973651E-003
   39.399999999999899        6.0979905534748191E-003
   39.449999999999896        6.0630501004840564E-003
   39.499999999999893        6.0283091405762086E-003
   39.549999999999891        5.9937665306663461E-003
   39.599999999999888        5.9594211341958683E-003
   39.649999999999885        5.9252718210951044E-003
   39.699999999999882        5.8913174677461336E-003
   39.749999999999879        5.8575569569458133E-003
   39.799999999999876        5.8239891778690189E-003
   39.849999999999874        5.7906130260320958E-003
   39.899999999999871        5.7574274032565174E-003
   39.949999999999868        5.7244312176327515E-003
   39.999999999999865        5.6916233834843344E-003
   40.049999999999862        5.6590028213321479E-003
   40.099999999999859        5.6265684578589003E-003
   40.149999999999856        5.5943192258738122E-003
   40.199999999999854        5.5622540642775034E-003
   40.249999999999851        5.5303719180270763E-003
   40.299999999999848        5.4986717381014048E-003
   40.349999999999845        5.4671524814666160E-003
   40.399999999999842        5.4358131110417741E-003
   40.449999999999839        5.4046525956647547E-003
   40.499999999999837        5.3736699100583171E-003
   40.549999999999834        5.3428640347963690E-003
   40.599999999999831        5.3122339562704252E-003
   40.649999999999828        5.2817786666562571E-003
   40.699999999999825        5.2514971638807301E-003
   40.749999999999822        5.2213884515888336E-003
   40.799999999999820        5.1914515391108989E-003
   40.849999999999817        5.1616854414300011E-003
   40.899999999999814        5.1320891791495514E-003
   40.949999999999811        5.1026617784610687E-003
   40.999999999999808        5.0734022711121400E-003
   41.049999999999805        5.0443096943745633E-003
   41.099999999999802        5.0153830910126696E-003
   41.149999999999800        4.9866215092518248E-003
   41.199999999999797        4.9580240027471177E-003
   41.249999999999794        4.9295896305522188E-003
   41.299999999999791        4.9013174570884215E-003
   41.349999999999788        4.8732065521138587E-003
   41.399999999999785        4.8452559906928955E-003
   41.449999999999783        4.8174648531656948E-003
   41.499999999999780        4.7898322251179581E-003
   41.549999999999777        4.7623571973508388E-003
   41.599999999999774        4.7350388658510267E-003
   41.649999999999771        4.7078763317610021E-003
   41.699999999999768        4.6808687013494632E-003
   41.749999999999766        4.6540150859819161E-003
   41.799999999999763        4.6273146020914388E-003
   41.849999999999760        4.6007663711496076E-003
   41.899999999999757        4.5743695196375916E-003
   41.949999999999754        4.5481231790174105E-003
   41.999999999999751        4.5220264857033579E-003
   42.049999999999748        4.4960785810335864E-003
   42.099999999999746        4.4702786112418534E-003
   42.149999999999743        4.4446257274294325E-003
   42.199999999999740        4.4191190855371789E-003
   42.249999999999737        4.3937578463177605E-003
   42.299999999999734        4.3685411753080407E-003
   42.349999999999731        4.3434682428016257E-003
   42.399999999999729        4.3185382238215613E-003
   42.449999999999726        4.2937502980931897E-003
   42.499999999999723        4.2691036500171614E-003
   42.549999999999720        4.2445974686425971E-003
   42.599999999999717        4.2202309476404055E-003
   42.649999999999714        4.1960032852767547E-003
   42.699999999999712        4.1719136843866907E-003
   42.749999999999709        4.1479613523479082E-003
   42.799999999999706        4.1241455010546700E-003
   42.849999999999703        4.1004653468918800E-003
   42.899999999999700        4.0769201107092945E-003
   42.949999999999697        4.0535090177958892E-003
   42.999999999999694        4.0302312978543683E-003
   43.049999999999692        4.0070861849758176E-003
   43.099999999999689        3.9840729176145069E-003
   43.149999999999686        3.9611907385628288E-003
   43.199999999999683        3.9384388949263880E-003
   43.249999999999680        3.9158166380992262E-003
   43.299999999999677        3.8933232237391919E-003
   43.349999999999675        3.8709579117434489E-003
   43.399999999999672        3.8487199662241242E-003
   43.449999999999669        3.8266086554840963E-003
   43.499999999999666        3.8046232519929183E-003
   43.549999999999663        3.7827630323628812E-003
   43.599999999999660        3.7610272773252120E-003
   43.649999999999658        3.7394152717064072E-003
   43.699999999999655        3.7179263044047018E-003
   43.749999999999652        3.6965596683666713E-003
   43.799999999999649        3.6753146605639675E-003
   43.849999999999646        3.6541905819701881E-003
   43.899999999999643        3.6331867375378741E-003
   43.949999999999640        3.6123024361756429E-003
   43.999999999999638        3.5915369907254476E-003
   44.049999999999635        3.5708897179399690E-003
   44.099999999999632        3.5503599384601324E-003
   44.149999999999629        3.5299469767927573E-003
   44.199999999999626        3.5096501612883291E-003
   44.249999999999623        3.4894688241189015E-003
   44.299999999999621        3.4694023012561219E-003
   44.349999999999618        3.4494499324493832E-003
   44.399999999999615        3.4296110612040995E-003
   44.449999999999612        3.4098850347601055E-003
   44.499999999999609        3.3902712040701785E-003
   44.549999999999606        3.3707689237786830E-003
   44.599999999999604        3.3513775522003358E-003
   44.649999999999601        3.3320964512990933E-003
   44.699999999999598        3.3129249866671578E-003
   44.749999999999595        3.2938625275041040E-003
   44.799999999999592        3.2749084465961229E-003
   44.849999999999589        3.2560621202953853E-003
   44.899999999999586        3.2373229284995216E-003
   44.949999999999584        3.2186902546312182E-003
   44.999999999999581        3.2001634856179306E-003
   45.049999999999578        3.1817420118717111E-003
   45.099999999999575        3.1634252272691515E-003
   45.149999999999572        3.1452125291314406E-003
   45.199999999999569        3.1271033182045330E-003
   45.249999999999567        3.1090969986394320E-003
   45.299999999999564        3.0911929779725853E-003
   45.349999999999561        3.0733906671063902E-003
   45.399999999999558        3.0556894802898108E-003
   45.449999999999555        3.0380888350991049E-003
   45.499999999999552        3.0205881524186600E-003
   45.549999999999550        3.0031868564219396E-003
   45.599999999999547        2.9858843745525360E-003
   45.649999999999544        2.9686801375053314E-003
   45.699999999999541        2.9515735792077667E-003
   45.749999999999538        2.9345641368012151E-003
   45.799999999999535        2.9176512506224632E-003
   45.849999999999532        2.9008343641852953E-003
   45.899999999999530        2.8841129241621842E-003
   45.949999999999527        2.8674863803660839E-003
   45.999999999999524        2.8509541857323290E-003
   46.049999999999521        2.8345157963006315E-003
   46.099999999999518        2.8181706711971851E-003
   46.149999999999515        2.8019182726168683E-003
   46.199999999999513        2.7857580658055482E-003
   46.249999999999510        2.7696895190424866E-003
   46.299999999999507        2.7537121036228431E-003
   46.349999999999504        2.7378252938402813E-003
   46.399999999999501        2.7220285669696696E-003
   46.449999999999498        2.7063214032498825E-003
   46.499999999999496        2.6907032858666993E-003
   46.549999999999493        2.6751737009357984E-003
   46.599999999999490        2.6597321374858501E-003
   46.649999999999487        2.6443780874417025E-003
   46.699999999999484        2.6291110456076660E-003
   46.749999999999481        2.6139305096508896E-003
   46.799999999999478        2.5988359800848330E-003
   46.849999999999476        2.5838269602528317E-003
   46.899999999999473        2.5689029563117560E-003
   46.949999999999470        2.5540634772157618E-003
   46.999999999999467        2.5393080347001331E-003
   47.049999999999464        2.5246361432652176E-003
   47.099999999999461        2.5100473201604512E-003
   47.149999999999459        2.4955410853684749E-003
   47.199999999999456        2.4811169615893405E-003
   47.249999999999453        2.4667744742248054E-003
   47.299999999999450        2.4525131513627178E-003
   47.349999999999447        2.4383325237614883E-003
   47.399999999999444        2.4242321248346514E-003
   47.449999999999442        2.4102114906355125E-003
   47.499999999999439        2.3962701598418830E-003
   47.549999999999436        2.3824076737409021E-003
   47.599999999999433        2.3686235762139418E-003
   47.649999999999430        2.3549174137216019E-003
   47.699999999999427        2.3412887352887842E-003
   47.749999999999424        2.3277370924898563E-003
   47.799999999999422        2.3142620394338963E-003
   47.849999999999419        2.3008631327500208E-003
   47.899999999999416        2.2875399315727980E-003
   47.949999999999413        2.2742919975277409E-003
   47.999999999999410        2.2611188947168838E-003
   48.049999999999407        2.2480201897044400E-003
   48.099999999999405        2.2349954515025398E-003
   48.149999999999402        2.2220442515570502E-003
   48.199999999999399        2.2091661637334745E-003
   48.249999999999396        2.1963607643029305E-003
   48.299999999999393        2.1836276319282086E-003
   48.349999999999390        2.1709663476499087E-003
   48.399999999999388        2.1583764948726555E-003
   48.449999999999385        2.1458576593513900E-003
   48.499999999999382        2.1334094291777413E-003
   48.549999999999379        2.1210313947664715E-003
   48.599999999999376        2.1087231488420011E-003
   48.649999999999373        2.0964842864250070E-003
   48.699999999999370        2.0843144048190983E-003
   48.749999999999368        2.0722131035975653E-003
   48.799999999999365        2.0601799845902055E-003
   48.849999999999362        2.0482146518702215E-003
   48.899999999999359        2.0363167117411944E-003
   48.949999999999356        2.0244857727241298E-003
   48.999999999999353        2.0127214455445768E-003
   49.049999999999351        2.0010233431198197E-003
   49.099999999999348        1.9893910805461423E-003
   49.149999999999345        1.9778242750861626E-003
   49.199999999999342        1.9663225461562395E-003
   49.249999999999339        1.9548855153139516E-003
   49.299999999999336        1.9435128062456444E-003
   49.349999999999334        1.9322040447540480E-003
   49.399999999999331        1.9209588587459658E-003
   49.449999999999328        1.9097768782200307E-003
   49.499999999999325        1.8986577352545317E-003
   49.549999999999322        1.8876010639953074E-003
   49.599999999999319        1.8766065006437086E-003
   49.649999999999316        1.8656736834446283E-003
   49.699999999999314        1.8548022526745987E-003
   49.749999999999311        1.8439918506299550E-003
   49.799999999999308        1.8332421216150662E-003
   49.849999999999305        1.8225527119306315E-003
   49.899999999999302        1.8119232698620422E-003
   49.949999999999299        1.8013534456678098E-003
   49.999999999999297        1.7908428915680581E-003
   50.049999999999294        1.7803912617330795E-003
   50.099999999999291        1.7699982122719577E-003
   50.149999999999288        1.7596634012212512E-003
   50.199999999999285        1.7493864885337420E-003
   50.249999999999282        1.7391671360672475E-003
   50.299999999999280        1.7290050075734944E-003
   50.349999999999277        1.7188997686870542E-003
   50.399999999999274        1.7088510869143431E-003
   50.449999999999271        1.6988586316226803E-003
   50.499999999999268        1.6889220740294107E-003
   50.549999999999265        1.6790410871910858E-003
   50.599999999999262        1.6692153459927066E-003
   50.649999999999260        1.6594445271370267E-003
   50.699999999999257        1.6497283091339140E-003
   50.749999999999254        1.6400663722897736E-003
   50.799999999999251        1.6304583986970283E-003
   50.849999999999248        1.6209040722236585E-003
   50.899999999999245        1.6114030785028008E-003
   50.949999999999243        1.6019551049224041E-003
   50.999999999999240        1.5925598406149434E-003
   51.049999999999237        1.5832169764471923E-003
   51.099999999999234        1.5739262050100504E-003
   51.149999999999231        1.5646872206084292E-003
   51.199999999999228        1.5554997192511939E-003
   51.249999999999226        1.5463633986411607E-003
   51.299999999999223        1.5372779581651506E-003
   51.349999999999220        1.5282430988840983E-003
   51.399999999999217        1.5192585235232160E-003
   51.449999999999214        1.5103239364622125E-003
   51.499999999999211        1.5014390437255657E-003
   51.549999999999208        1.4926035529728508E-003
   51.599999999999206        1.4838171734891205E-003
   51.649999999999203        1.4750796161753404E-003
   51.699999999999200        1.4663905935388760E-003
   51.749999999999197        1.4577498196840337E-003
   51.799999999999194        1.4491570103026541E-003
   51.849999999999191        1.4406118826647569E-003
   51.899999999999189        1.4321141556092388E-003
   51.949999999999186        1.4236635495346222E-003
   51.999999999999183        1.4152597863898548E-003
   52.049999999999180        1.4069025896651620E-003
   52.099999999999177        1.3985916843829481E-003
   52.149999999999174        1.3903267970887491E-003
   52.199999999999172        1.3821076558422345E-003
   52.249999999999169        1.3739339902082606E-003
   52.299999999999166        1.3658055312479717E-003
   52.349999999999163        1.3577220115099514E-003
   52.399999999999160        1.3496831650214225E-003
   52.449999999999157        1.3416887272794957E-003
   52.499999999999154        1.3337384352424667E-003
   52.549999999999152        1.3258320273211615E-003
   52.599999999999149        1.3179692433703289E-003
   52.649999999999146        1.3101498246800812E-003
   52.699999999999143        1.3023735139673820E-003
   52.749999999999140        1.2946400553675800E-003
   52.799999999999137        1.2869491944259913E-003
   52.849999999999135        1.2793006780895265E-003
   52.899999999999132        1.2716942546983643E-003
   52.949999999999129        1.2641296739776718E-003
   52.999999999999126        1.2566066870293687E-003
   53.049999999999123        1.2491250463239388E-003
   53.099999999999120        1.2416845056922850E-003
   53.149999999999118        1.2342848203176294E-003
   53.199999999999115        1.2269257467274583E-003
   53.249999999999112        1.2196070427855116E-003
   53.299999999999109        1.2123284676838148E-003
   53.349999999999106        1.2050897819347566E-003
   53.399999999999103        1.1978907473632087E-003
   53.449999999999100        1.1907311270986888E-003
   53.499999999999098        1.1836106855675672E-003
   53.549999999999095        1.1765291884853156E-003
   53.599999999999092        1.1694864028487986E-003
   53.649999999999089        1.1624820969286065E-003
   53.699999999999086        1.1555160402614317E-003
   53.749999999999083        1.1485880036424851E-003
   53.799999999999081        1.1416977591179542E-003
   53.849999999999078        1.1348450799775038E-003
   53.899999999999075        1.1280297407468155E-003
   53.949999999999072        1.1212515171801695E-003
   53.999999999999069        1.1145101862530661E-003
   54.049999999999066        1.1078055261548874E-003
   54.099999999999064        1.1011373162815986E-003
   54.149999999999061        1.0945053372284907E-003
   54.199999999999058        1.0879093707829601E-003
   54.249999999999055        1.0813491999173295E-003
   54.299999999999052        1.0748246087817067E-003
   54.349999999999049        1.0683353826968828E-003
   54.399999999999046        1.0618813081472677E-003
   54.449999999999044        1.0554621727738660E-003
   54.499999999999041        1.0490777653672893E-003
   54.549999999999038        1.0427278758608062E-003
   54.599999999999035        1.0364122953234309E-003
   54.649999999999032        1.0301308159530488E-003
   54.699999999999029        1.0238832310695792E-003
   54.749999999999027        1.0176693351081744E-003
   54.799999999999024        1.0114889236124568E-003
   54.849999999999021        1.0053417932277906E-003
   54.899999999999018        9.9922774169459213E-004
   54.949999999999015        9.9314656784167351E-004
   54.999999999999012        9.8709807157962444E-004
   55.049999999999010        9.8108205389422836E-004
   55.099999999999007        9.7509831683991399E-004
   55.149999999999004        9.6914666353324272E-004
   55.199999999999001        9.6322689814643035E-004
   55.249999999998998        9.5733882590090383E-004
   55.299999999998995        9.5148225306089236E-004
   55.349999999998992        9.4565698692705290E-004
   55.399999999998990        9.3986283583012979E-004
   55.449999999998987        9.3409960912464816E-004
   55.499999999998984        9.2836711718264123E-004
   55.549999999998981        9.2266517138741102E-004
   55.599999999998978        9.1699358412732199E-004
   55.649999999998975        9.1135216878962825E-004
   55.699999999998973        9.0574073975433346E-004
   55.749999999998970        9.0015911238808331E-004
   55.799999999998967        8.9460710303809028E-004
   55.849999999998964        8.8908452902609133E-004
   55.899999999998961        8.8359120864233689E-004
   55.949999999998958        8.7812696113961214E-004
   55.999999999998956        8.7269160672728992E-004
   56.049999999998953        8.6728496656541512E-004
   56.099999999998950        8.6190686275881996E-004
   56.149999999998947        8.5655711835127114E-004
   56.199999999998944        8.5123555731964702E-004
   56.249999999998941        8.4594200456814634E-004
   56.299999999998938        8.4067628592252659E-004
   56.349999999998936        8.3543822812437354E-004
   56.399999999998933        8.3022765882540016E-004
   56.449999999998930        8.2504440658177599E-004
   56.499999999998927        8.1988830084848627E-004
   56.549999999998924        8.1475917197372006E-004
   56.599999999998921        8.0965685119328867E-004
   56.649999999998919        8.0458117062507241E-004
   56.699999999998916        7.9953196326349688E-004
   56.749999999998913        7.9450906297403809E-004
   56.799999999998910        7.8951230448775578E-004
   56.849999999998907        7.8454152339585610E-004
   56.899999999998904        7.7959655614428147E-004
   56.949999999998902        7.7467724002832966E-004
   56.999999999998899        7.6978341318729982E-004
   57.049999999998896        7.6491491459916724E-004
   57.099999999998893        7.6007158407528485E-004
   57.149999999998890        7.5525326225511270E-004
   57.199999999998887        7.5045979060097442E-004
   57.249999999998884        7.4569101139284092E-004
   57.299999999998882        7.4094676772314095E-004
   57.349999999998879        7.3622690349159814E-004
   57.399999999998876        7.3153126340009514E-004
   57.449999999998873        7.2685969294756364E-004
   57.499999999998870        7.2221203842490070E-004
   57.549999999998867        7.1758814690991144E-004
   57.599999999998865        7.1298786626227729E-004
   57.649999999998862        7.0841104511855033E-004
   57.699999999998859        7.0385753288717265E-004
   57.749999999998856        6.9932717974352174E-004
   57.799999999998853        6.9481983662498051E-004
   57.849999999998850        6.9033535522603276E-004
   57.899999999998847        6.8587358799338362E-004
   57.949999999998845        6.8143438812110445E-004
   57.999999999998842        6.7701760954580242E-004
   58.049999999998839        6.7262310694181479E-004
   58.099999999998836        6.6825073571642702E-004
   58.149999999998833        6.6390035200511531E-004
   58.199999999998830        6.5957181266681304E-004
   58.249999999998828        6.5526497527920095E-004
   58.299999999998825        6.5097969813402096E-004
   58.349999999998822        6.4671584023241367E-004
   58.399999999998819        6.4247326128027895E-004
   58.449999999998816        6.3825182168365986E-004
   58.499999999998813        6.3405138254414963E-004
   58.549999999998811        6.2987180565432131E-004
   58.599999999998808        6.2571295349318041E-004
   58.649999999998805        6.2157468922164022E-004
   58.699999999998802        6.1745687667801908E-004
   58.749999999998799        6.1335938037356040E-004
   58.799999999998796        6.0928206548797469E-004
   58.849999999998793        6.0522479786500347E-004
   58.899999999998791        6.0118744400800505E-004
   58.949999999998788        5.9716987107556231E-004
   58.999999999998785        5.9317194687711163E-004
   59.049999999998782        5.8919353986859341E-004
   59.099999999998779        5.8523451914812392E-004
   59.149999999998776        5.8129475445168818E-004
   59.199999999998774        5.7737411614885406E-004
   59.249999999998771        5.7347247523850664E-004
   59.299999999998768        5.6958970334460414E-004
   59.349999999998765        5.6572567271195363E-004
   59.399999999998762        5.6188025620200748E-004
   59.449999999998759        5.5805332728868040E-004
   59.499999999998757        5.5424476005418600E-004
   59.549999999998754        5.5045442918489403E-004
   59.599999999998751        5.4668220996720676E-004
   59.649999999998748        5.4292797828345599E-004
   59.699999999998745        5.3919161060781893E-004
   59.749999999998742        5.3547298400225376E-004
   59.799999999998739        5.3177197611245465E-004
   59.849999999998737        5.2808846516382620E-004
   59.899999999998734        5.2442232995747614E-004
   59.949999999998731        5.2077344986622802E-004
   59.999999999998728        5.1714170483065189E-004
   60.049999999998725        5.1352697535511421E-004
   60.099999999998722        5.0992914250384575E-004
   60.149999999998720        5.0634808789702863E-004
   60.199999999998717        5.0278369370690087E-004
   60.249999999998714        4.9923584265387972E-004
   60.299999999998711        4.9570441800270290E-004
   60.349999999998708        4.9218930355858742E-004
   60.399999999998705        4.8869038366340645E-004
   60.449999999998703        4.8520754319188387E-004
   60.499999999998700        4.8174066754780634E-004
   60.549999999998697        4.7828964266025267E-004
   60.599999999998694        4.7485435497984048E-004
   60.649999999998691        4.7143469147499018E-004
   60.699999999998688        4.6803053962820581E-004
   60.749999999998685        4.6464178743237290E-004
   60.799999999998683        4.6126832338707312E-004
   60.849999999998680        4.5791003649491550E-004
   60.899999999998677        4.5456681625788425E-004
   60.949999999998674        4.5123855267370315E-004
   60.999999999998671        4.4792513623221611E-004
   61.049999999998668        4.4462645791178384E-004
   61.099999999998666        4.4134240917569680E-004
   61.149999999998663        4.3807288196860396E-004
   61.199999999998660        4.3481776871295749E-004
   61.249999999998657        4.3157696230547313E-004
   61.299999999998654        4.2835035611360608E-004
   61.349999999998651        4.2513784397204250E-004
   61.399999999998649        4.2193932017920642E-004
   61.449999999998646        4.1875467949378169E-004
   61.499999999998643        4.1558381713124935E-004
   61.549999999998640        4.1242662876043984E-004
   61.599999999998637        4.0928301050010017E-004
   61.649999999998634        4.0615285891547586E-004
   61.699999999998631        4.0303607101490778E-004
   61.749999999998629        3.9993254424644319E-004
   61.799999999998626        3.9684217649446163E-004
   61.849999999998623        3.9376486607631495E-004
   61.899999999998620        3.9070051173898160E-004
   61.949999999998617        3.8764901265573513E-004
   61.999999999998614        3.8461026842282668E-004
   62.049999999998612        3.8158417905618142E-004
   62.099999999998609        3.7857064498810861E-004
   62.149999999998606        3.7556956706402575E-004
   62.199999999998603        3.7258084653919585E-004
   62.249999999998600        3.6960438507547866E-004
   62.299999999998597        3.6664008473809485E-004
   62.349999999998595        3.6368784799240374E-004
   62.399999999998592        3.6074757770069411E-004
   62.449999999998589        3.5781917711898798E-004
   62.499999999998586        3.5490254989385759E-004
   62.549999999998583        3.5199760005925494E-004
   62.599999999998580        3.4910423203335432E-004
   62.649999999998577        3.4622235061540724E-004
   62.699999999998575        3.4335186098261017E-004
   62.749999999998572        3.4049266868698444E-004
   62.799999999998569        3.3764467965226872E-004
   62.849999999998566        3.3480780017082360E-004
   62.899999999998563        3.3198193690054832E-004
   62.949999999998560        3.2916699686180939E-004
   62.999999999998558        3.2636288743438153E-004
   63.049999999998555        3.2356951635440000E-004
   63.099999999998552        3.2078679171132480E-004
   63.149999999998549        3.1801462194491666E-004
   63.199999999998546        3.1525291584222440E-004
   63.249999999998543        3.1250158253458364E-004
   63.299999999998541        3.0976053149462703E-004
   63.349999999998538        3.0702967253330558E-004
   63.399999999998535        3.0430891579692125E-004
   63.449999999998532        3.0159817176417036E-004
   63.499999999998529        2.9889735124319811E-004
   63.549999999998526        2.9620636536866396E-004
   63.599999999998523        2.9352512559881753E-004
   63.649999999998521        2.9085354371258552E-004
   63.699999999998518        2.8819153180666878E-004
   63.749999999998515        2.8553900229265003E-004
   63.799999999998512        2.8289586789411207E-004
   63.849999999998509        2.8026204164376600E-004
   63.899999999998506        2.7763743688058971E-004
   63.949999999998504        2.7502196724697660E-004
   63.999999999998501        2.7241554668589401E-004
   64.049999999998505        2.6981808943805170E-004
   64.099999999998502        2.6722951003908021E-004
   64.149999999998499        2.6464972331671869E-004
   64.199999999998496        2.6207864438801252E-004
   64.249999999998494        2.5951618865652036E-004
   64.299999999998491        2.5696227180953084E-004
   64.349999999998488        2.5441680981528811E-004
   64.399999999998485        2.5187971892022716E-004
   64.449999999998482        2.4935091564621810E-004
   64.499999999998479        2.4683031678781925E-004
   64.549999999998477        2.4431783940953957E-004
   64.599999999998474        2.4181340084310991E-004
   64.649999999998471        2.3931691868476278E-004
   64.699999999998468        2.3682831079252116E-004
   64.749999999998465        2.3434749528349565E-004
   64.799999999998462        2.3187439053119039E-004
   64.849999999998460        2.2940891516281723E-004
   64.899999999998457        2.2695098805661831E-004
   64.949999999998454        2.2450052833919692E-004
   64.999999999998451        2.2205745538285654E-004
   65.049999999998448        2.1962168880294787E-004
   65.099999999998445        2.1719314845522402E-004
   65.149999999998442        2.1477175443320346E-004
   65.199999999998440        2.1235742706554082E-004
   65.249999999998437        2.0995008691340552E-004
   65.299999999998434        2.0754965476786798E-004
   65.349999999998431        2.0515605164729333E-004
   65.399999999998428        2.0276919879474279E-004
   65.449999999998425        2.0038901767538219E-004
   65.499999999998423        1.9801542997389805E-004
   65.549999999998420        1.9564835759192068E-004
   65.599999999998417        1.9328772264545454E-004
   65.649999999998414        1.9093344746231561E-004
   65.699999999998411        1.8858545457957576E-004
   65.749999999998408        1.8624366674101393E-004
   65.799999999998406        1.8390800689457417E-004
   65.849999999998403        1.8157839818983045E-004
   65.899999999998400        1.7925476397545796E-004
   65.949999999998397        1.7693702779671109E-004
   65.999999999998394        1.7462511339290786E-004
   66.049999999998391        1.7231894469492062E-004
   66.099999999998388        1.7001844582267326E-004
   66.149999999998386        1.6772354108264442E-004
   66.199999999998383        1.6543415496537696E-004
   66.249999999998380        1.6315021214299350E-004
   66.299999999998377        1.6087163746671791E-004
   66.349999999998374        1.5859835596440260E-004
   66.399999999998371        1.5633029283806179E-004
   66.449999999998369        1.5406737346141040E-004
   66.499999999998366        1.5180952337740859E-004
   66.549999999998363        1.4955666829581191E-004
   66.599999999998360        1.4730873409072695E-004
   66.649999999998357        1.4506564679817231E-004
   66.699999999998354        1.4282733261364503E-004
   66.749999999998352        1.4059371788969211E-004
   66.799999999998349        1.3836472913348734E-004
   66.849999999998346        1.3614029300441317E-004
   66.899999999998343        1.3392033631164749E-004
   66.949999999998340        1.3170478601175553E-004
   66.999999999998337        1.2949356920628646E-004
   67.049999999998334        1.2728661313937480E-004
   67.099999999998332        1.2508384519534653E-004
   67.149999999998329        1.2288519289632981E-004
   67.199999999998326        1.2069058389987025E-004
   67.249999999998323        1.1849994599655060E-004
   67.299999999998320        1.1631320710761485E-004
   67.349999999998317        1.1413029528259663E-004
   67.399999999998315        1.1195113869695174E-004
   67.449999999998312        1.0977566564969502E-004
   67.499999999998309        1.0760380456104106E-004
   67.549999999998306        1.0543548397004909E-004
   67.599999999998303        1.0327063253227163E-004
   67.649999999998300        1.0110917901740706E-004
   67.699999999998298        9.8951052306955921E-005
   67.749999999998295        9.6796181391880913E-005
   67.799999999998292        9.4644495370270449E-005
   67.849999999998289        9.2495923445005794E-005
   67.899999999998286        9.0350394921431590E-005
   67.949999999998283        8.8207839205029799E-005
   67.999999999998280        8.6068185799096936E-005
   68.049999999998278        8.3931364302424497E-005
   68.099999999998275        8.1797304406982534E-005
   68.149999999998272        7.9665935895606324E-005
   68.199999999998269        7.7537188639685984E-005
   68.249999999998266        7.5410992596859047E-005
   68.299999999998263        7.3287277808705827E-005
   68.349999999998261        7.1165974398447590E-005
   68.399999999998258        6.9047012568647395E-005
   68.449999999998255        6.6930322598913509E-005
   68.499999999998252        6.4815834843605442E-005
   68.549999999998249        6.2703479729542358E-005
   68.599999999998246        6.0593187753713890E-005
   68.649999999998244        5.8484889480993314E-005
   68.699999999998241        5.6378515541852889E-005
   68.749999999998238        5.4273996630081394E-005
   68.799999999998235        5.2171263500503751E-005
   68.849999999998232        5.0070246966702615E-005
   68.899999999998229        4.7970877898741966E-005
   68.949999999998226        4.5873087220892488E-005
   68.999999999998224        4.3776805909358788E-005
   69.049999999998221        4.1681964990008273E-005
   69.099999999998218        3.9588495536101716E-005
   69.149999999998215        3.7496328666025339E-005
   69.199999999998212        3.5405395541024397E-005
   69.249999999998209        3.3315627362938165E-005
   69.299999999998207        3.1226955371936275E-005
   69.349999999998204        2.9139310844256303E-005
   69.399999999998201        2.7052625089942540E-005
   69.449999999998198        2.4966829450585884E-005
   69.499999999998195        2.2881855297064763E-005
   69.549999999998192        2.0797634027287036E-005
   69.599999999998190        1.8714097063932752E-005
   69.649999999998187        1.6631175852197764E-005
   69.699999999998184        1.4548801857538055E-005
   69.749999999998181        1.2466906563414736E-005
   69.799999999998178        1.0385421469039653E-005
   69.849999999998175        8.3042780871214815E-006
   69.899999999998172        6.2234079416122984E-006
   69.949999999998170        4.1427425654545029E-006
   69.999999999998167        2.0622134983280368E-006
